1757092037702 28505.12255690769 0
1757092037828 22506.790107644698 1
1757092037939 18395.60657704816 2
1757092038061 15321.692479218842 3
1757092038182 12923.59011941733 4
1757092038298 11015.466990391104 5
1757092038417 9482.916938936909 6
1757092038535 8246.018186508414 7
1757092038652 7244.711288525698 8
1757092038772 6432.247029904622 9
1757092038887 5771.722806604855 10
1757092039015 5233.573391597847 11
1757092039133 4794.247752803916 12
1757092039250 4434.790014422669 13
1757092039366 4140.016717576541 14
1757092039484 3897.7170230153415 15
1757092039600 3698.0578595786674 16
1757092039710 3533.110728891294 17
1757092039830 3396.4744448060046 18
1757092039948 3282.973917279045 19
1757092040061 3188.4193806773446 20
1757092040179 3109.4137480303943 21
1757092040297 3043.1983296537514 22
1757092040410 2987.5291647765293 23
1757092040532 2940.577802449591 24
1757092040661 2900.851625193132 25
1757092040784 2867.1298060326485 26
1757092040907 2838.4117815257746 27
1757092041023 2813.875752978059 28
1757092041138 2792.845229010403 29
1757092041250 2774.762021574325 30
1757092041369 2759.1644254321745 31
1757092041488 2745.6695646598787 32
1757092041601 2733.95909206663 33
1757092041714 2723.767589008452 34
1757092041832 2714.873142195049 35
1757092041956 2707.0896773406903 36
1757092042070 2700.2607121278843 37
1757092042182 2694.254257104485 38
1757092042291 2688.9586461378835 39
1757092042402 2684.2791205465496 40
1757092042524 2680.1350251258414 41
1757092042646 2676.457501661479 42
1757092042761 2673.187587521193 43
1757092042882 2670.2746446032365 44
1757092043020 2667.675058154979 45
1757092043166 2665.351156439611 46
1757092043279 2663.2703114707497 47
1757092043383 2661.404188491473 48
1757092043500 2659.7281178962653 49
1757092043618 2658.220568162712 50
1757092043743 2656.862702299421 51
1757092043860 2655.6380035085594 52
1757092043979 2654.5319583502364 53
1757092044098 2653.5317877986286 54
1757092044270 2652.6262182894498 55
1757092044404 2651.805286250779 56
1757092044528 2651.0601707447445 57
1757092044642 2650.383049775062 58
1757092044750 2649.766976574279 59
1757092044870 2649.205772806508 60
1757092044989 2648.6939361320747 61
1757092045110 2648.2265600006403 62
1757092045223 2647.799263885642 63
1757092045339 2647.4081324589883 64
1757092045459 2647.0496624417588 65
1757092045578 2646.720716063232 66
1757092045697 2646.418480223988 67
1757092045816 2646.1404305951687 68
1757092045934 2645.884299999908 69
1757092046055 2645.648050518427 70
1757092046172 2645.4298488385557 71
1757092046288 2645.2280444410126 72
1757092046409 2645.041150265949 73
1757092046530 2644.8678255555997 74
1757092046650 2644.706860609034 75
1757092046767 2644.5571632199844 76
1757092046888 2644.417746598673 77
1757092047008 2644.2877186041233 78
1757092047128 2644.1662721355056 79
1757092047252 2644.0526765499258 80
1757092047366 2643.9462699904857 81
1757092047489 2643.846452522522 82
1757092047598 2643.7526799882394 83
1757092047716 2643.6644585005884 84
1757092047829 2643.5813395065434 85
1757092047947 2643.5029153580226 86
1757092048062 2643.428815335829 87
1757092048180 2643.3587020781283 88
