1757091966507 26694.44864460396 0
1757091966623 21662.119194616942 1
1757091966733 17903.260015537555 2
1757091966851 14965.524049521357 3
1757091966970 12620.931574575974 4
1757091967091 10730.905704819168 5
1757091967212 9200.10008263797 6
1757091967322 7957.660349123575 7
1757091967429 6947.948245375804 8
1757091967555 6126.8406820390455 9
1757091967665 5458.8339969989665 10
1757091967777 4915.2116941457425 11
1757091967891 4472.795366404923 12
1757091968006 4112.551718771993 13
1757091968120 3819.1313762630684 14
1757091968241 3580.063854587516 15
1757091968361 3385.2147312155794 16
1757091968482 3226.3463903845436 17
1757091968597 3096.761906408726 18
1757091968710 2991.0160623294673 19
1757091968826 2904.6807348365264 20
1757091968941 2834.154365049256 21
1757091969062 2776.5072031979034 22
1757091969179 2729.3555931535966 23
1757091969308 2690.7598356667377 24
1757091969425 2659.1411991572118 25
1757091969543 2633.2144815492165 26
1757091969658 2611.9332035140346 27
1757091969781 2594.445062630018 28
1757091969900 2580.055723605743 29
1757091970019 2568.1993814139005 30
1757091970136 2558.414827799069 31
1757091970255 2550.3259899955688 32
1757091970371 2543.626104035237 33
1757091970491 2538.064842184641 34
1757091970609 2533.437841677792 35
1757091970736 2529.5781855623068 36
1757091970850 2526.3494706645847 37
1757091970969 2523.6401660634597 38
1757091971091 2521.3590210128405 39
1757091971204 2519.4313263838303 40
1757091971326 2517.795870363402 41
1757091971447 2516.4024589393757 42
1757091971566 2515.2098959107875 43
1757091971687 2514.184336836585 44
1757091971805 2513.2979473249766 45
1757091971921 2512.527809061795 46
1757091972044 2511.8550275401144 47
1757091972158 2511.2640040411247 48
1757091972276 2510.741841398065 49
1757091972394 2510.27785875188 50
1757091972509 2509.86319512337 51
1757091972625 2509.490485380684 52
1757091972747 2509.153595234322 53
1757091972866 2508.847404375413 54
1757091972988 2508.5676288935515 55
1757091973106 2508.3106757543933 56
1757091973225 2508.0735234549293 57
1757091973344 2507.8536240630774 58
1757091973463 2507.648822734394 59
1757091973580 2507.457291520204 60
1757091973732 2507.277474868821 61
