1757093104229 nan 0
1757093104396 nan 1
1757093104556 nan 2
1757093104711 nan 3
1757093104853 nan 4
1757093104988 nan 5
1757093105118 nan 6
1757093105265 nan 7
1757093105397 nan 8
1757093105524 nan 9
1757093105663 nan 10
1757093105797 nan 11
1757093105929 nan 12
1757093106067 nan 13
1757093106196 nan 14
1757093106338 nan 15
1757093106470 nan 16
1757093106596 nan 17
1757093106729 nan 18
1757093106855 nan 19
1757093106985 nan 20
1757093107117 nan 21
1757093107244 nan 22
1757093107380 nan 23
1757093107512 nan 24
1757093107643 nan 25
1757093107777 nan 26
1757093107907 nan 27
1757093108048 nan 28
1757093108182 nan 29
1757093108319 nan 30
1757093108447 nan 31
1757093108583 nan 32
1757093108718 nan 33
1757093108844 nan 34
1757093108977 nan 35
1757093109129 nan 36
1757093109252 nan 37
1757093109378 nan 38
1757093109526 nan 39
1757093109677 nan 40
1757093109802 nan 41
1757093109937 nan 42
1757093110073 nan 43
1757093110240 nan 44
1757093110436 nan 45
1757093110566 nan 46
1757093110699 nan 47
1757093110855 nan 48
1757093111021 nan 49
1757093111168 nan 50
1757093111292 nan 51
1757093111415 nan 52
1757093111546 nan 53
1757093111709 nan 54
1757093111869 nan 55
1757093112006 nan 56
1757093112148 nan 57
1757093112290 nan 58
1757093112416 nan 59
1757093112550 nan 60
1757093112693 nan 61
1757093112825 nan 62
1757093112953 nan 63
1757093113079 nan 64
1757093113208 nan 65
1757093113337 nan 66
1757093113466 nan 67
1757093113602 nan 68
1757093113737 nan 69
1757093113865 nan 70
1757093113992 nan 71
1757093114118 nan 72
1757093114256 nan 73
1757093114403 nan 74
1757093114542 nan 75
1757093114673 nan 76
1757093114821 nan 77
1757093114957 nan 78
1757093115086 nan 79
1757093115217 nan 80
1757093115353 nan 81
1757093115481 nan 82
1757093115613 nan 83
1757093115750 nan 84
1757093115873 nan 85
1757093116005 nan 86
1757093116148 nan 87
1757093116283 nan 88
1757093116414 nan 89
1757093116549 nan 90
1757093116680 nan 91
1757093116823 nan 92
1757093116960 nan 93
1757093117100 nan 94
1757093117231 nan 95
1757093117374 nan 96
1757093117512 nan 97
1757093117653 nan 98
1757093117802 nan 99
1757093117947 nan 100
1757093118086 nan 101
1757093118232 nan 102
1757093118370 nan 103
1757093118502 nan 104
1757093118634 nan 105
1757093118770 nan 106
1757093118910 nan 107
1757093119040 nan 108
1757093119174 nan 109
1757093119313 nan 110
1757093119457 nan 111
1757093119589 nan 112
1757093119727 nan 113
1757093119867 nan 114
1757093120013 nan 115
1757093120150 nan 116
1757093120297 nan 117
1757093120539 nan 118
1757093120712 nan 119
1757093120935 nan 120
1757093121075 nan 121
1757093121214 nan 122
1757093121358 nan 123
1757093121488 nan 124
1757093121644 nan 125
1757093121783 nan 126
1757093121914 nan 127
1757093122071 nan 128
1757093122240 nan 129
1757093122380 nan 130
1757093122532 nan 131
1757093122684 nan 132
1757093122831 nan 133
1757093122960 nan 134
1757093123108 nan 135
1757093123240 nan 136
1757093123373 nan 137
1757093123507 nan 138
1757093123640 nan 139
1757093123769 nan 140
1757093123897 nan 141
1757093124034 nan 142
1757093124175 nan 143
1757093124306 nan 144
1757093124437 nan 145
1757093124576 nan 146
1757093124719 nan 147
1757093124861 nan 148
1757093124995 nan 149
1757093125129 nan 150
1757093125270 nan 151
1757093125403 nan 152
1757093125535 nan 153
1757093125670 nan 154
1757093125806 nan 155
1757093125939 nan 156
1757093126073 nan 157
1757093126209 nan 158
1757093126353 nan 159
1757093126482 nan 160
1757093126612 nan 161
1757093126758 nan 162
1757093126891 nan 163
1757093127022 nan 164
1757093127158 nan 165
1757093127296 nan 166
1757093127438 nan 167
1757093127567 nan 168
1757093127701 nan 169
1757093127852 nan 170
1757093127991 nan 171
1757093128131 nan 172
1757093128286 nan 173
1757093128422 nan 174
1757093128555 nan 175
1757093128698 nan 176
1757093128922 nan 177
1757093129075 nan 178
1757093129227 nan 179
1757093129378 nan 180
1757093129522 nan 181
1757093129655 nan 182
1757093129785 nan 183
1757093129926 nan 184
1757093130063 nan 185
1757093130194 nan 186
1757093130336 nan 187
1757093130496 nan 188
1757093130654 nan 189
1757093130797 nan 190
1757093130935 nan 191
1757093131084 nan 192
1757093131263 nan 193
1757093131399 nan 194
1757093131528 nan 195
1757093131689 nan 196
1757093131836 nan 197
1757093131985 nan 198
1757093132141 nan 199
1757093132286 nan 200
1757093132439 nan 201
1757093132594 nan 202
1757093132778 nan 203
1757093132960 nan 204
1757093133143 nan 205
1757093133295 nan 206
1757093133494 nan 207
1757093133647 nan 208
1757093133824 nan 209
1757093134003 nan 210
1757093134148 nan 211
1757093134376 nan 212
1757093134504 nan 213
1757093134655 nan 214
1757093134790 nan 215
1757093134923 nan 216
1757093135055 nan 217
1757093135190 nan 218
1757093135337 nan 219
1757093135473 nan 220
1757093135610 nan 221
1757093135751 nan 222
1757093135881 nan 223
1757093136012 nan 224
1757093136146 nan 225
1757093136277 nan 226
1757093136441 nan 227
1757093136625 nan 228
1757093136811 nan 229
1757093136960 nan 230
1757093137103 nan 231
1757093137246 nan 232
1757093137400 nan 233
1757093137547 nan 234
1757093137679 nan 235
1757093137845 nan 236
1757093137978 nan 237
1757093138113 nan 238
1757093138255 nan 239
1757093138410 nan 240
1757093138545 nan 241
1757093138780 nan 242
1757093138919 nan 243
1757093139050 nan 244
1757093139187 nan 245
1757093139329 nan 246
1757093139465 nan 247
1757093139644 nan 248
1757093139801 nan 249
1757093139943 nan 250
1757093140098 nan 251
1757093140234 nan 252
1757093140386 nan 253
1757093140523 nan 254
1757093140650 nan 255
1757093140779 nan 256
1757093140917 nan 257
1757093141045 nan 258
1757093141176 nan 259
1757093141307 nan 260
1757093141441 nan 261
1757093141570 nan 262
1757093141717 nan 263
1757093141871 nan 264
1757093142012 nan 265
1757093142146 nan 266
1757093142274 nan 267
1757093142405 nan 268
1757093142544 nan 269
1757093142691 nan 270
1757093142825 nan 271
1757093142973 nan 272
1757093143112 nan 273
1757093143244 nan 274
1757093143411 nan 275
1757093143547 nan 276
1757093143705 nan 277
1757093143845 nan 278
1757093143992 nan 279
1757093144130 nan 280
1757093144273 nan 281
1757093144401 nan 282
1757093144551 nan 283
1757093144693 nan 284
1757093144838 nan 285
1757093144979 nan 286
1757093145116 nan 287
1757093145255 nan 288
1757093145393 nan 289
1757093145547 nan 290
1757093145696 nan 291
1757093145829 nan 292
1757093145968 nan 293
1757093146100 nan 294
1757093146234 nan 295
1757093146359 nan 296
1757093146495 nan 297
1757093146672 nan 298
1757093146877 nan 299
1757093147040 nan 300
1757093147211 nan 301
1757093147348 nan 302
1757093147490 nan 303
1757093147649 nan 304
1757093147835 nan 305
1757093148016 nan 306
1757093148165 nan 307
1757093148311 nan 308
1757093148447 nan 309
1757093148604 nan 310
1757093148737 nan 311
1757093148862 nan 312
1757093148990 nan 313
1757093149132 nan 314
1757093149283 nan 315
1757093149418 nan 316
1757093149551 nan 317
1757093149679 nan 318
1757093149809 nan 319
1757093149946 nan 320
1757093150074 nan 321
1757093150218 nan 322
1757093150348 nan 323
1757093150476 nan 324
1757093150608 nan 325
1757093150753 nan 326
1757093150902 nan 327
1757093151055 nan 328
1757093151204 nan 329
1757093151364 nan 330
1757093151508 nan 331
1757093151658 nan 332
1757093151800 nan 333
1757093151949 nan 334
1757093152108 nan 335
1757093152270 nan 336
1757093152427 nan 337
1757093152601 nan 338
1757093152830 nan 339
1757093152983 nan 340
1757093153148 nan 341
1757093153332 nan 342
1757093153512 nan 343
1757093153691 nan 344
1757093153858 nan 345
1757093153990 nan 346
1757093154161 nan 347
1757093154303 nan 348
1757093154450 nan 349
1757093154599 nan 350
1757093154750 nan 351
1757093154899 nan 352
1757093155031 nan 353
1757093155165 nan 354
1757093155316 nan 355
1757093155477 nan 356
1757093155784 nan 357
1757093155918 nan 358
1757093156086 nan 359
1757093156268 nan 360
1757093156424 nan 361
1757093156600 nan 362
1757093156751 nan 363
1757093156892 nan 364
1757093157040 nan 365
1757093157185 nan 366
1757093157327 nan 367
1757093157461 nan 368
1757093157607 nan 369
1757093157745 nan 370
1757093157893 nan 371
1757093158053 nan 372
1757093158186 nan 373
1757093158324 nan 374
1757093158498 nan 375
1757093158670 nan 376
1757093158844 nan 377
1757093159038 nan 378
1757093159185 nan 379
1757093159342 nan 380
1757093159493 nan 381
1757093159684 nan 382
1757093159819 nan 383
1757093159965 nan 384
1757093160104 nan 385
1757093160242 nan 386
1757093160411 nan 387
1757093160573 nan 388
1757093160730 nan 389
1757093160873 nan 390
1757093161031 nan 391
1757093161183 nan 392
1757093161332 nan 393
1757093161476 nan 394
1757093161620 nan 395
1757093161771 nan 396
1757093161915 nan 397
1757093162058 nan 398
1757093162201 nan 399
1757093162346 nan 400
1757093162495 nan 401
1757093162638 nan 402
1757093162786 nan 403
1757093162984 nan 404
1757093163157 nan 405
1757093163304 nan 406
1757093163469 nan 407
1757093163626 nan 408
1757093163785 nan 409
1757093163942 nan 410
1757093164130 nan 411
1757093164271 nan 412
1757093164412 nan 413
1757093164548 nan 414
1757093164809 nan 415
1757093164955 nan 416
1757093165102 nan 417
1757093165248 nan 418
1757093165447 nan 419
1757093165592 nan 420
1757093165749 nan 421
1757093165934 nan 422
1757093166106 nan 423
1757093166276 nan 424
1757093166424 nan 425
1757093166602 nan 426
1757093166770 nan 427
1757093166937 nan 428
1757093167113 nan 429
1757093167265 nan 430
1757093167446 nan 431
1757093167702 nan 432
1757093167869 nan 433
1757093168031 nan 434
1757093168188 nan 435
1757093168323 nan 436
1757093168478 nan 437
1757093168628 nan 438
1757093168768 nan 439
1757093168903 nan 440
1757093169046 nan 441
1757093169195 nan 442
1757093169349 nan 443
1757093169539 nan 444
1757093169686 nan 445
1757093169831 nan 446
1757093170124 nan 447
1757093170267 nan 448
1757093170409 nan 449
1757093170570 nan 450
1757093170729 nan 451
1757093170900 nan 452
1757093171063 nan 453
1757093171214 nan 454
1757093171408 nan 455
1757093171544 nan 456
1757093171684 nan 457
1757093171877 nan 458
1757093172052 nan 459
1757093172237 nan 460
1757093172420 nan 461
1757093172611 nan 462
1757093172804 nan 463
1757093172950 nan 464
1757093173092 nan 465
1757093173266 nan 466
1757093173396 nan 467
1757093173529 nan 468
1757093173714 nan 469
1757093173868 nan 470
1757093174021 nan 471
1757093174164 nan 472
1757093174320 nan 473
1757093174486 nan 474
1757093174673 nan 475
1757093174814 nan 476
1757093174982 nan 477
1757093175130 nan 478
1757093175280 nan 479
1757093175428 nan 480
1757093175587 nan 481
1757093175733 nan 482
1757093175878 nan 483
1757093176050 nan 484
1757093176189 nan 485
1757093176348 nan 486
1757093176556 nan 487
1757093176713 nan 488
1757093176855 nan 489
1757093177005 nan 490
1757093177140 nan 491
1757093177287 nan 492
1757093177437 nan 493
1757093177573 nan 494
1757093177709 nan 495
1757093177852 nan 496
1757093177991 nan 497
1757093178137 nan 498
1757093178279 nan 499
