1757093802689 nan 0
1757093802822 nan 1
1757093802951 nan 2
1757093803184 nan 3
1757093803330 nan 4
1757093803464 nan 5
1757093803609 nan 6
1757093803754 nan 7
1757093803935 nan 8
1757093804073 nan 9
1757093804205 nan 10
1757093804340 nan 11
1757093804472 nan 12
1757093804598 nan 13
1757093804730 nan 14
1757093804871 nan 15
1757093805000 nan 16
1757093805137 nan 17
1757093805270 nan 18
1757093805400 nan 19
1757093805530 nan 20
1757093805789 nan 21
1757093805900 nan 22
1757093806037 nan 23
1757093806171 nan 24
1757093806309 nan 25
1757093806446 nan 26
1757093806580 nan 27
1757093806714 nan 28
1757093806900 nan 29
1757093807053 nan 30
1757093807183 nan 31
1757093807313 nan 32
1757093807449 nan 33
1757093807579 nan 34
1757093807707 nan 35
1757093807838 nan 36
1757093807970 nan 37
1757093808097 nan 38
1757093808232 nan 39
1757093808368 nan 40
1757093808506 nan 41
1757093808639 nan 42
1757093808784 nan 43
1757093808922 nan 44
1757093809062 nan 45
1757093809199 nan 46
1757093809375 nan 47
1757093809558 nan 48
1757093809717 nan 49
1757093809869 nan 50
1757093810016 nan 51
1757093810162 nan 52
1757093810315 nan 53
1757093810448 nan 54
1757093810578 nan 55
1757093810724 nan 56
1757093810872 nan 57
1757093811015 nan 58
1757093811151 nan 59
1757093811284 nan 60
1757093811427 nan 61
1757093811564 nan 62
1757093811720 nan 63
1757093811861 nan 64
1757093812001 nan 65
1757093812136 nan 66
1757093812269 nan 67
1757093812419 nan 68
1757093812562 nan 69
1757093812727 nan 70
1757093812900 nan 71
1757093813052 nan 72
1757093813223 nan 73
1757093813417 nan 74
1757093813590 nan 75
1757093813747 nan 76
1757093813885 nan 77
1757093814025 nan 78
1757093814166 nan 79
1757093814356 nan 80
1757093814508 nan 81
1757093814692 nan 82
1757093814825 nan 83
1757093814987 nan 84
1757093815123 nan 85
1757093815284 nan 86
1757093815441 nan 87
1757093815586 nan 88
1757093815716 nan 89
1757093815853 nan 90
1757093815982 nan 91
1757093816197 nan 92
1757093816321 nan 93
1757093816450 nan 94
1757093816580 nan 95
1757093816728 nan 96
1757093816891 nan 97
1757093817032 nan 98
1757093817166 nan 99
1757093817324 nan 100
1757093817455 nan 101
1757093817601 nan 102
1757093817738 nan 103
1757093817891 nan 104
1757093818077 nan 105
1757093818248 nan 106
1757093818388 nan 107
1757093818523 nan 108
1757093818675 nan 109
1757093818827 nan 110
1757093818982 nan 111
1757093819121 nan 112
1757093819269 nan 113
1757093819417 nan 114
1757093819560 nan 115
1757093819686 nan 116
1757093819817 nan 117
1757093819954 nan 118
1757093820128 nan 119
1757093820380 nan 120
1757093820584 nan 121
1757093820716 nan 122
1757093820867 nan 123
1757093821019 nan 124
1757093821173 nan 125
1757093821304 nan 126
1757093821446 nan 127
1757093821618 nan 128
1757093821753 nan 129
1757093821882 nan 130
1757093822020 nan 131
1757093822156 nan 132
1757093822302 nan 133
1757093822461 nan 134
1757093822595 nan 135
1757093822724 nan 136
1757093822858 nan 137
1757093822988 nan 138
1757093823134 nan 139
1757093823352 nan 140
1757093823541 nan 141
1757093823677 nan 142
1757093823814 nan 143
1757093823959 nan 144
1757093824107 nan 145
1757093824249 nan 146
1757093824394 nan 147
1757093824635 nan 148
1757093824790 nan 149
1757093824950 nan 150
1757093825096 nan 151
1757093825262 nan 152
1757093825406 nan 153
1757093825551 nan 154
1757093825742 nan 155
1757093825911 nan 156
1757093826063 nan 157
1757093826205 nan 158
1757093826345 nan 159
1757093826487 nan 160
1757093826622 nan 161
1757093826839 nan 162
1757093827003 nan 163
1757093827207 nan 164
1757093827365 nan 165
1757093827575 nan 166
1757093827717 nan 167
1757093827900 nan 168
1757093828040 nan 169
1757093828181 nan 170
1757093828337 nan 171
1757093828480 nan 172
1757093828632 nan 173
1757093828787 nan 174
1757093828925 nan 175
1757093829072 nan 176
1757093829263 nan 177
1757093829441 nan 178
1757093829696 nan 179
1757093829898 nan 180
1757093830116 nan 181
1757093830300 nan 182
1757093830455 nan 183
1757093830712 nan 184
1757093830900 nan 185
1757093831054 nan 186
1757093831228 nan 187
1757093831386 nan 188
1757093831560 nan 189
1757093831724 nan 190
1757093831944 nan 191
1757093832108 nan 192
1757093832304 nan 193
1757093832457 nan 194
1757093832621 nan 195
1757093832766 nan 196
1757093832988 nan 197
1757093833150 nan 198
1757093833298 nan 199
1757093833459 nan 200
1757093833635 nan 201
1757093833794 nan 202
1757093833972 nan 203
1757093834198 nan 204
1757093834377 nan 205
1757093834664 nan 206
1757093834844 nan 207
1757093835006 nan 208
1757093835178 nan 209
1757093835325 nan 210
1757093835485 nan 211
1757093835630 nan 212
1757093835812 nan 213
1757093835982 nan 214
1757093836138 nan 215
1757093836293 nan 216
1757093836439 nan 217
1757093836582 nan 218
1757093836740 nan 219
1757093836918 nan 220
1757093837070 nan 221
1757093837253 nan 222
1757093837428 nan 223
1757093837589 nan 224
1757093837793 nan 225
1757093837941 nan 226
1757093838080 nan 227
1757093838225 nan 228
1757093838371 nan 229
1757093838516 nan 230
1757093838701 nan 231
1757093838885 nan 232
1757093839036 nan 233
1757093839179 nan 234
1757093839344 nan 235
1757093839500 nan 236
1757093839645 nan 237
1757093839823 nan 238
1757093839993 nan 239
1757093840285 nan 240
1757093840446 nan 241
1757093840605 nan 242
1757093840780 nan 243
1757093840932 nan 244
1757093841090 nan 245
1757093841239 nan 246
1757093841476 nan 247
1757093841630 nan 248
1757093841805 nan 249
1757093841960 nan 250
1757093842107 nan 251
1757093842255 nan 252
1757093842398 nan 253
1757093842535 nan 254
1757093842674 nan 255
1757093842852 nan 256
1757093843014 nan 257
1757093843152 nan 258
1757093843293 nan 259
1757093843522 nan 260
1757093843794 nan 261
1757093843927 nan 262
1757093844063 nan 263
1757093844199 nan 264
1757093844344 nan 265
1757093844539 nan 266
1757093844705 nan 267
1757093844853 nan 268
1757093845112 nan 269
1757093845276 nan 270
1757093845417 nan 271
1757093845586 nan 272
1757093845740 nan 273
1757093845889 nan 274
1757093846028 nan 275
1757093846194 nan 276
1757093846332 nan 277
1757093846482 nan 278
1757093846625 nan 279
1757093846777 nan 280
1757093846916 nan 281
1757093847051 nan 282
1757093847188 nan 283
1757093847319 nan 284
1757093847456 nan 285
1757093847584 nan 286
1757093847723 nan 287
1757093847858 nan 288
1757093847988 nan 289
1757093848131 nan 290
1757093848285 nan 291
1757093848427 nan 292
1757093848567 nan 293
1757093848711 nan 294
1757093848861 nan 295
1757093849000 nan 296
1757093849133 nan 297
1757093849272 nan 298
1757093849412 nan 299
1757093849548 nan 300
1757093849694 nan 301
1757093849851 nan 302
1757093849994 nan 303
1757093850142 nan 304
1757093850270 nan 305
1757093850422 nan 306
1757093850566 nan 307
1757093850735 nan 308
1757093850924 nan 309
1757093851084 nan 310
1757093851232 nan 311
1757093851374 nan 312
1757093851515 nan 313
1757093851663 nan 314
1757093851801 nan 315
1757093851945 nan 316
1757093852083 nan 317
1757093852228 nan 318
1757093852360 nan 319
1757093852498 nan 320
1757093852653 nan 321
1757093852824 nan 322
1757093852975 nan 323
1757093853107 nan 324
1757093853241 nan 325
1757093853372 nan 326
1757093853500 nan 327
1757093853632 nan 328
1757093853771 nan 329
1757093853911 nan 330
1757093854051 nan 331
1757093854187 nan 332
1757093854320 nan 333
1757093854468 nan 334
1757093854617 nan 335
1757093854768 nan 336
1757093854928 nan 337
1757093855065 nan 338
1757093855206 nan 339
1757093855345 nan 340
1757093855482 nan 341
1757093855633 nan 342
1757093855767 nan 343
1757093855898 nan 344
1757093856036 nan 345
1757093856173 nan 346
1757093856309 nan 347
1757093856444 nan 348
1757093856592 nan 349
1757093856719 nan 350
1757093856846 nan 351
1757093856975 nan 352
1757093857104 nan 353
1757093857233 nan 354
1757093857366 nan 355
1757093857497 nan 356
1757093857646 nan 357
1757093857773 nan 358
1757093857899 nan 359
1757093858033 nan 360
1757093858166 nan 361
1757093858298 nan 362
1757093858427 nan 363
1757093858559 nan 364
1757093858698 nan 365
1757093858837 nan 366
1757093858969 nan 367
1757093859114 nan 368
1757093859257 nan 369
1757093859395 nan 370
1757093859525 nan 371
1757093859699 nan 372
1757093859866 nan 373
1757093860013 nan 374
1757093860151 nan 375
1757093860286 nan 376
1757093860415 nan 377
1757093860564 nan 378
1757093860714 nan 379
1757093860899 nan 380
1757093861051 nan 381
1757093861184 nan 382
1757093861319 nan 383
1757093861737 nan 384
1757093862046 nan 385
1757093862316 nan 386
1757093862607 nan 387
1757093862716 nan 388
1757093862890 nan 389
1757093863056 nan 390
1757093863230 nan 391
1757093863384 nan 392
1757093863521 nan 393
1757093863659 nan 394
1757093863796 nan 395
1757093863942 nan 396
1757093864080 nan 397
1757093864225 nan 398
1757093864375 nan 399
1757093864512 nan 400
1757093864676 nan 401
1757093864818 nan 402
1757093864961 nan 403
1757093865103 nan 404
1757093865233 nan 405
1757093865375 nan 406
1757093865509 nan 407
1757093865643 nan 408
1757093865779 nan 409
1757093865911 nan 410
1757093866048 nan 411
1757093866182 nan 412
1757093866319 nan 413
1757093866468 nan 414
1757093866603 nan 415
1757093866738 nan 416
1757093866879 nan 417
1757093867079 nan 418
1757093867221 nan 419
1757093867357 nan 420
1757093867497 nan 421
1757093867627 nan 422
1757093867777 nan 423
1757093867914 nan 424
1757093868047 nan 425
1757093868184 nan 426
1757093868326 nan 427
1757093868469 nan 428
1757093868614 nan 429
1757093868750 nan 430
1757093868890 nan 431
1757093869023 nan 432
1757093869172 nan 433
1757093869309 nan 434
1757093869442 nan 435
1757093869600 nan 436
1757093869761 nan 437
1757093869901 nan 438
1757093870037 nan 439
1757093870176 nan 440
1757093870308 nan 441
1757093870440 nan 442
1757093870577 nan 443
1757093870709 nan 444
1757093870851 nan 445
1757093870997 nan 446
1757093871149 nan 447
1757093871288 nan 448
1757093871445 nan 449
1757093871593 nan 450
1757093871742 nan 451
1757093871893 nan 452
1757093872045 nan 453
1757093872185 nan 454
1757093872325 nan 455
1757093872454 nan 456
1757093872596 nan 457
1757093872745 nan 458
1757093872886 nan 459
1757093873024 nan 460
1757093873181 nan 461
1757093873319 nan 462
1757093873456 nan 463
1757093873596 nan 464
1757093873746 nan 465
1757093873888 nan 466
1757093874016 nan 467
1757093874169 nan 468
1757093874319 nan 469
1757093874461 nan 470
1757093874597 nan 471
1757093874742 nan 472
1757093874896 nan 473
1757093875036 nan 474
1757093875179 nan 475
1757093875338 nan 476
1757093875474 nan 477
1757093875700 nan 478
1757093875848 nan 479
1757093875981 nan 480
1757093876124 nan 481
1757093876278 nan 482
1757093876412 nan 483
1757093876544 nan 484
1757093876680 nan 485
1757093876823 nan 486
1757093876981 nan 487
1757093877119 nan 488
1757093877264 nan 489
1757093877407 nan 490
1757093877545 nan 491
1757093877676 nan 492
1757093877827 nan 493
1757093877971 nan 494
1757093878104 nan 495
1757093878241 nan 496
1757093878375 nan 497
1757093878508 nan 498
1757093878642 nan 499
