1757093484733 nan 0
1757093484938 nan 1
1757093485078 nan 2
1757093485217 nan 3
1757093485357 nan 4
1757093485603 nan 5
1757093485738 nan 6
1757093485902 nan 7
1757093486043 nan 8
1757093486184 nan 9
1757093486335 nan 10
1757093486482 nan 11
1757093486626 nan 12
1757093486772 nan 13
1757093486915 nan 14
1757093487044 nan 15
1757093487172 nan 16
1757093487304 nan 17
1757093487435 nan 18
1757093487564 nan 19
1757093487703 nan 20
1757093487867 nan 21
1757093488041 nan 22
1757093488178 nan 23
1757093488319 nan 24
1757093488449 nan 25
1757093488577 nan 26
1757093488712 nan 27
1757093488857 nan 28
1757093489025 nan 29
1757093489204 nan 30
1757093489340 nan 31
1757093489475 nan 32
1757093489613 nan 33
1757093489745 nan 34
1757093489961 nan 35
1757093490127 nan 36
1757093490262 nan 37
1757093490433 nan 38
1757093490580 nan 39
1757093490713 nan 40
1757093490870 nan 41
1757093490997 nan 42
1757093491124 nan 43
1757093491255 nan 44
1757093491400 nan 45
1757093491534 nan 46
1757093491691 nan 47
1757093491907 nan 48
1757093492051 nan 49
1757093492206 nan 50
1757093492346 nan 51
1757093492490 nan 52
1757093492626 nan 53
1757093492774 nan 54
1757093492906 nan 55
1757093493062 nan 56
1757093493197 nan 57
1757093493330 nan 58
1757093493455 nan 59
1757093493636 nan 60
1757093493776 nan 61
1757093493914 nan 62
1757093494046 nan 63
1757093494189 nan 64
1757093494338 nan 65
1757093494471 nan 66
1757093494600 nan 67
1757093494730 nan 68
1757093494859 nan 69
1757093495000 nan 70
1757093495149 nan 71
1757093495292 nan 72
1757093495464 nan 73
1757093495595 nan 74
1757093495722 nan 75
1757093495865 nan 76
1757093495994 nan 77
1757093496123 nan 78
1757093496300 nan 79
1757093496426 nan 80
1757093496557 nan 81
1757093496689 nan 82
1757093496821 nan 83
1757093496953 nan 84
1757093497089 nan 85
1757093497213 nan 86
1757093497347 nan 87
1757093497478 nan 88
1757093497600 nan 89
1757093497728 nan 90
1757093497858 nan 91
1757093497985 nan 92
1757093498113 nan 93
1757093498249 nan 94
1757093498382 nan 95
1757093498512 nan 96
1757093498643 nan 97
1757093498775 nan 98
1757093498918 nan 99
1757093499067 nan 100
1757093499210 nan 101
1757093499352 nan 102
1757093499493 nan 103
1757093499659 nan 104
1757093499797 nan 105
1757093499925 nan 106
1757093500063 nan 107
1757093500200 nan 108
1757093500330 nan 109
1757093500464 nan 110
1757093500609 nan 111
1757093500747 nan 112
1757093500905 nan 113
1757093501070 nan 114
1757093501210 nan 115
1757093501360 nan 116
1757093501508 nan 117
1757093501669 nan 118
1757093502041 nan 119
1757093502207 nan 120
1757093502355 nan 121
1757093502557 nan 122
1757093502719 nan 123
1757093502855 nan 124
1757093502990 nan 125
1757093503139 nan 126
1757093503274 nan 127
1757093503420 nan 128
1757093503562 nan 129
1757093503727 nan 130
1757093503974 nan 131
1757093504110 nan 132
1757093504244 nan 133
1757093504386 nan 134
1757093504516 nan 135
1757093504705 nan 136
1757093504842 nan 137
1757093504976 nan 138
1757093505107 nan 139
1757093505236 nan 140
1757093505381 nan 141
1757093505524 nan 142
1757093505651 nan 143
1757093505781 nan 144
1757093505904 nan 145
1757093506039 nan 146
1757093506181 nan 147
1757093506313 nan 148
1757093506442 nan 149
1757093506579 nan 150
1757093506711 nan 151
1757093506854 nan 152
1757093507000 nan 153
1757093507130 nan 154
1757093507286 nan 155
1757093507424 nan 156
1757093507562 nan 157
1757093507714 nan 158
1757093507859 nan 159
1757093507998 nan 160
1757093508131 nan 161
1757093508265 nan 162
1757093508442 nan 163
1757093508576 nan 164
1757093508725 nan 165
1757093508854 nan 166
1757093508988 nan 167
1757093509132 nan 168
1757093509272 nan 169
1757093509407 nan 170
1757093509539 nan 171
1757093509677 nan 172
1757093509889 nan 173
1757093510029 nan 174
1757093510177 nan 175
1757093510316 nan 176
1757093510450 nan 177
1757093510599 nan 178
1757093510816 nan 179
1757093510916 nan 180
1757093511049 nan 181
1757093511179 nan 182
1757093511345 nan 183
1757093511484 nan 184
1757093511633 nan 185
1757093511776 nan 186
1757093511913 nan 187
1757093512079 nan 188
1757093512219 nan 189
1757093512359 nan 190
1757093512510 nan 191
1757093512651 nan 192
1757093512781 nan 193
1757093512963 nan 194
1757093513116 nan 195
1757093513255 nan 196
1757093513390 nan 197
1757093513526 nan 198
1757093513656 nan 199
1757093513792 nan 200
1757093513945 nan 201
1757093514110 nan 202
1757093514265 nan 203
1757093514407 nan 204
1757093514559 nan 205
1757093514732 nan 206
1757093514877 nan 207
1757093515016 nan 208
1757093515172 nan 209
1757093515301 nan 210
1757093515441 nan 211
1757093515574 nan 212
1757093515712 nan 213
1757093515850 nan 214
1757093515987 nan 215
1757093516119 nan 216
1757093516254 nan 217
1757093516383 nan 218
1757093516517 nan 219
1757093516642 nan 220
1757093516794 nan 221
1757093516966 nan 222
1757093517119 nan 223
1757093517268 nan 224
1757093517472 nan 225
1757093517669 nan 226
1757093517830 nan 227
1757093517983 nan 228
1757093518135 nan 229
1757093518318 nan 230
1757093518500 nan 231
1757093518672 nan 232
1757093518935 nan 233
1757093519107 nan 234
1757093519313 nan 235
1757093519473 nan 236
1757093519692 nan 237
1757093519869 nan 238
1757093520029 nan 239
1757093520228 nan 240
1757093520387 nan 241
1757093520587 nan 242
1757093520738 nan 243
1757093520907 nan 244
1757093521079 nan 245
1757093521240 nan 246
1757093521401 nan 247
1757093521547 nan 248
1757093521728 nan 249
1757093521875 nan 250
1757093522028 nan 251
1757093522212 nan 252
1757093522362 nan 253
1757093522522 nan 254
1757093522718 nan 255
1757093522906 nan 256
1757093523048 nan 257
1757093523209 nan 258
1757093523372 nan 259
1757093523521 nan 260
1757093523709 nan 261
1757093523875 nan 262
1757093524078 nan 263
1757093524253 nan 264
1757093524400 nan 265
1757093524546 nan 266
1757093524745 nan 267
1757093524888 nan 268
1757093525026 nan 269
1757093525219 nan 270
1757093525372 nan 271
1757093525536 nan 272
1757093525711 nan 273
1757093525870 nan 274
1757093526005 nan 275
1757093526153 nan 276
1757093526307 nan 277
1757093526445 nan 278
1757093526604 nan 279
1757093526745 nan 280
1757093526883 nan 281
1757093527062 nan 282
1757093527241 nan 283
1757093527397 nan 284
1757093527596 nan 285
1757093527775 nan 286
1757093527958 nan 287
1757093528143 nan 288
1757093528306 nan 289
1757093528463 nan 290
1757093528723 nan 291
1757093528907 nan 292
1757093529042 nan 293
1757093529211 nan 294
1757093529389 nan 295
1757093529573 nan 296
1757093529731 nan 297
1757093529891 nan 298
1757093530093 nan 299
1757093530258 nan 300
1757093530422 nan 301
1757093530562 nan 302
1757093530703 nan 303
1757093530872 nan 304
1757093531058 nan 305
1757093531233 nan 306
1757093531398 nan 307
1757093531603 nan 308
1757093531760 nan 309
1757093531911 nan 310
1757093532107 nan 311
1757093532288 nan 312
1757093532426 nan 313
1757093532582 nan 314
1757093532728 nan 315
1757093532891 nan 316
1757093533039 nan 317
1757093533186 nan 318
1757093533332 nan 319
1757093533478 nan 320
1757093533623 nan 321
1757093533770 nan 322
1757093533930 nan 323
1757093534210 nan 324
1757093534546 nan 325
1757093534808 nan 326
1757093534976 nan 327
1757093535146 nan 328
1757093535324 nan 329
1757093535479 nan 330
1757093535628 nan 331
1757093535783 nan 332
1757093535922 nan 333
1757093536070 nan 334
1757093536225 nan 335
1757093536467 nan 336
1757093536610 nan 337
1757093536768 nan 338
1757093536943 nan 339
1757093537111 nan 340
1757093537262 nan 341
1757093537425 nan 342
1757093537580 nan 343
1757093537748 nan 344
1757093537969 nan 345
1757093538163 nan 346
1757093538344 nan 347
1757093538500 nan 348
1757093538666 nan 349
1757093538864 nan 350
1757093539028 nan 351
1757093539174 nan 352
1757093539323 nan 353
1757093539485 nan 354
1757093539634 nan 355
1757093544485 nan 356
1757093544828 nan 357
1757093544995 nan 358
1757093545167 nan 359
1757093545325 nan 360
1757093545568 nan 361
1757093545746 nan 362
1757093545910 nan 363
1757093546108 nan 364
1757093546288 nan 365
1757093546447 nan 366
1757093546587 nan 367
1757093546742 nan 368
1757093546894 nan 369
1757093547063 nan 370
1757093547219 nan 371
1757093547364 nan 372
1757093547515 nan 373
1757093547661 nan 374
1757093547848 nan 375
1757093548005 nan 376
1757093548149 nan 377
1757093548309 nan 378
1757093548535 nan 379
1757093548694 nan 380
1757093548847 nan 381
1757093549029 nan 382
1757093549199 nan 383
1757093549519 nan 384
1757093549688 nan 385
1757093549837 nan 386
1757093549999 nan 387
1757093550148 nan 388
1757093550302 nan 389
1757093550432 nan 390
1757093550663 nan 391
1757093550840 nan 392
1757093551027 nan 393
1757093551185 nan 394
1757093551323 nan 395
1757093551487 nan 396
1757093551680 nan 397
1757093551876 nan 398
1757093552030 nan 399
1757093552186 nan 400
1757093552337 nan 401
1757093552763 nan 402
1757093552901 nan 403
1757093553048 nan 404
1757093553203 nan 405
1757093553356 nan 406
1757093553532 nan 407
1757093553695 nan 408
1757093553839 nan 409
1757093554042 nan 410
1757093554206 nan 411
1757093554355 nan 412
1757093554533 nan 413
1757093554682 nan 414
1757093554906 nan 415
1757093555065 nan 416
1757093555237 nan 417
1757093555404 nan 418
1757093555565 nan 419
1757093555710 nan 420
1757093555867 nan 421
1757093556057 nan 422
1757093556217 nan 423
1757093556380 nan 424
1757093556525 nan 425
1757093556672 nan 426
1757093556820 nan 427
1757093556962 nan 428
1757093557111 nan 429
1757093557271 nan 430
1757093557425 nan 431
1757093557584 nan 432
1757093557726 nan 433
1757093557876 nan 434
1757093558025 nan 435
1757093558238 nan 436
1757093558385 nan 437
1757093558528 nan 438
1757093558664 nan 439
1757093558808 nan 440
1757093558964 nan 441
1757093559110 nan 442
1757093559297 nan 443
1757093559453 nan 444
1757093559612 nan 445
1757093559804 nan 446
1757093559968 nan 447
1757093560139 nan 448
1757093560328 nan 449
1757093560480 nan 450
1757093560636 nan 451
1757093560781 nan 452
1757093560926 nan 453
1757093561324 nan 454
1757093561543 nan 455
1757093561737 nan 456
1757093561910 nan 457
1757093562115 nan 458
1757093562272 nan 459
1757093562498 nan 460
1757093563880 nan 461
1757093564042 nan 462
1757093564228 nan 463
1757093564412 nan 464
1757093564565 nan 465
1757093564772 nan 466
1757093564945 nan 467
1757093565107 nan 468
1757093565261 nan 469
1757093565435 nan 470
1757093565620 nan 471
1757093565769 nan 472
1757093565973 nan 473
1757093566124 nan 474
1757093566295 nan 475
1757093566438 nan 476
1757093566587 nan 477
1757093566759 nan 478
1757093566899 nan 479
1757093567041 nan 480
1757093567188 nan 481
1757093567324 nan 482
1757093567463 nan 483
1757093567609 nan 484
1757093567747 nan 485
1757093567883 nan 486
1757093568033 nan 487
1757093568178 nan 488
1757093568323 nan 489
1757093568459 nan 490
1757093568595 nan 491
1757093568744 nan 492
1757093568891 nan 493
1757093569026 nan 494
1757093569172 nan 495
1757093569306 nan 496
1757093569437 nan 497
1757093569568 nan 498
1757093569704 nan 499
