1757091649597 29469.174757281555 0
1757091649719 23207.463391545272 1
1757091649841 18803.032945696697 2
1757091649953 15471.691905337015 3
1757091650073 12865.210464222859 4
1757091650187 10794.639934709296 5
1757091650306 9139.195501926028 6
1757091650420 7811.145949591648 7
1757091650542 6744.045872848408 8
1757091650661 5885.821749137262 9
1757091650779 5195.127906950074 10
1757091650897 4639.042427070389 11
1757091651022 4190.993755126468 12
1757091651139 3829.796569506251 13
1757091651258 3538.4533989574743 14
1757091651371 3303.3186561364964 15
1757091651491 3113.4325669862956 16
1757091651609 2959.9889041563074 17
1757091651727 2835.9090350578404 18
1757091651849 2735.500777419017 19
1757091651969 2654.1850324595935 20
1757091652091 2588.2766387800607 21
1757091652213 2534.808628108919 22
1757091652330 2491.391238353284 23
1757091652451 2456.0987717163466 24
1757091652568 2427.378768044211 25
1757091652687 2403.979067706001 26
1757091652808 2384.8892207153212 27
1757091652929 2369.293404310733 28
1757091653051 2356.5325755053836 29
1757091653171 2346.074036616213 30
1757091653289 2337.4869531575546 31
1757091653408 2330.4226528169597 32
1757091653530 2324.598765958006 33
1757091653653 2319.786453743375 34
1757091653774 2315.8001187500404 35
1757091653891 2312.4891122160334 36
1757091654010 2309.7310476976145 37
1757091654130 2307.426407630952 38
1757091654246 2305.4941908466535 39
1757091654365 2303.868398489796 40
1757091654487 2302.4951954625176 41
1757091654605 2301.3306163606576 42
1757091654728 2300.3387104657754 43
1757091654849 2299.4900409174497 44
1757091654968 2298.7604697203656 45
1757091655090 2298.1301735317234 46
1757091655208 2297.582845864878 47
1757091655327 2297.105049946374 48
1757091655439 2296.6856933861723 49
1757091655555 2296.315601394314 50
1757091655671 2295.9871697659264 51
1757091655791 2295.6940824727776 52
1757091655933 2295.4310816140132 53
1757091656055 2295.193779828393 54
1757091656175 2294.978507165369 55
1757091656297 2294.782185941294 56
1757091656417 2294.6022283411003 57
1757091656538 2294.436452522237 58
1757091656660 2294.2830137826054 59
1757091656778 2294.1403480047293 60
1757091656900 2294.007125114365 61
1757091657013 2293.882210717196 62
1757091657134 2293.764634421602 63
1757091657253 2293.6535636342987 64
1757091657373 2293.548281841545 65
1757091657486 2293.44817057174 66
1757091657599 2293.3526943837796 67
1757091657718 2293.261388346137 68
1757091657840 2293.1738475695142 69
1757091657951 2293.0897184356004 70
1757091658070 2293.008691229163 71
1757091658193 2292.9304939334534 72
1757091658312 2292.8548869918886 73
1757091658432 2292.7816588739634 74
1757091658548 2292.7106223120054 75
1757091658671 2292.6416110987434 76
1757091658793 2292.5744773547913 77
1757091658918 2292.5090891908235 78
1757091659040 2292.4453287020724 79
1757091659160 2292.3830902433356 80
1757091659280 2292.322278941361 81
1757091659393 2292.262809408625 82
1757091659513 2292.204604628428 83
1757091659634 2292.1475949860956 84
1757091659750 2292.0917174251267 85
1757091659873 2292.0369147104484 86
1757091659996 2291.98313478375 87
1757091660108 2291.9303301981636 88
1757091660234 2291.8784576214916 89
1757091660356 2291.8274773988073 90
1757091660473 2291.777353166597 91
1757091660592 2291.7280515117563 92
1757091660709 2291.679541669703 93
1757091660833 2291.6317952566883 94
1757091660957 2291.5847860320464 95
1757091661079 2291.5384896867463 96
1757091661204 2291.4928836550503 97
1757091661321 2291.4479469465373 98
1757091661434 2291.4036599961055 99
1757091661537 2291.3600045298595 100
1757091661644 2291.3169634450655 101
1757091661750 2291.274520702583 102
1757091661854 2291.232661230373 103
1757091661958 2291.1913708368556 104
1757091662079 2291.1506361330385 105
1757091662196 2291.1104444624575 106
1757091662314 2291.0707838381018 107
1757091662439 2291.031642885559 108
1757091662558 2290.993010791742 109
1757091662679 2290.954877258597 110
1757091662797 2290.9172324612855 111
1757091662961 2290.880067010365 112
1757091663083 2290.843371917575 113
1757091663210 2290.8071385648445 114
1757091663328 2290.771358676204 115
1757091663449 2290.7360242923114 116
1757091663560 2290.701127747322 117
1757091663672 2290.666661647875 118
1757091663796 2290.6326188539956 119
1757091663918 2290.5989924617 120
1757091664039 2290.565775787173 121
1757091664163 2290.5329623523244 122
1757091664288 2290.5005458716323 123
1757091664408 2290.4685202401147 124
1757091664530 2290.4368795223445 125
1757091664653 2290.4056179423956 126
1757091664766 2290.374729874641 127
1757091664885 2290.344209835318 128
1757091665002 2290.3140524747873 129
1757091665118 2290.2842525704255 130
1757091665243 2290.254805020093 131
1757091665348 2290.2257048361166 132
1757091665468 2290.1969471397515 133
1757091665591 2290.1685271560686 134
1757091665705 2290.1404402092335 135
1757091665827 2290.112681718143 136
1757091665947 2290.085247192385 137
1757091666069 2290.0581322284916 138
1757091666189 2290.0313325064685 139
1757091666309 2290.004843786559 140
1757091666427 2289.9786619062425 141
1757091666544 2289.952782777436 142
1757091666666 2289.927202383876 143
1757091666787 2289.901916778684 144
1757091666905 2289.8769220820786 145
1757091667031 2289.852214479237 146
1757091667152 2289.8277902182863 147
1757091667271 2289.8036456084196 148
1757091667391 2289.7797770181214 149
1757091667510 2289.756180873491 150
1757091667633 2289.732853656669 151
1757091667747 2289.7097919043426 152
1757091667865 2289.6869922063356 153
1757091667986 2289.664451204273 154
1757091668107 2289.6421655903087 155
1757091668224 2289.62013210592 156
1757091668345 2289.598347540761 157
1757091668465 2289.5768087315682 158
1757091668581 2289.5555125611168 159
1757091668698 2289.5344559572236 160
1757091668819 2289.513635891793 161
1757091668942 2289.493049379906 162
1757091669058 2289.472693478939 163
1757091669175 2289.4525652877273 164
1757091669292 2289.4326619457543 165
1757091669413 2289.4129806323735 166
1757091669534 2289.3935185660607 167
1757091669649 2289.374273003689 168
1757091669761 2289.3552412398294 169
1757091669930 2289.336420606083 170
1757091670056 2289.317808470421 171
1757091670174 2289.299402236557 172
1757091670288 2289.281199343336 173
1757091670396 2289.2631972641384 174
1757091670512 2289.245393506306 175
1757091670618 2289.22778561058 176
1757091670739 2289.2103711505624 177
1757091670858 2289.193147732178 178
1757091671078 2289.1761129931697 179
1757091671210 2289.1592646025883 180
1757091671329 2289.142600260308 181
1757091671441 2289.1261176965486 182
1757091671557 2289.109814671409 183
1757091671669 2289.0936889744144 184
1757091671777 2289.07773842407 185
1757091671886 2289.061960867429 186
1757091671990 2289.0463541796685 187
1757091672093 2289.030916263673 188
1757091672198 2289.0156450496283 189
1757091672324 2289.000538494624 190
1757091672430 2288.9855945822646 191
1757091672536 2288.970811322287 192
1757091672640 2288.9561867501857 193
1757091672746 2288.941718926846 194
1757091672855 2288.9274059381864 195
1757091673411 2288.913245894801 196
1757091673559 2288.8992369316165 197
1757091673665 2288.8853772075518 198
1757091673772 2288.8716649051808 199
1757091673877 2288.8580982304065 200
1757091673986 2288.8446754121405 201
1757091674091 2288.8313947019815 202
1757091674210 2288.8182543739076 203
1757091674328 2288.805252723968 204
1757091674442 2288.7923880699836 205
1757091674562 2288.77965875125 206
1757091674675 2288.7670631282467 207
1757091674784 2288.754599582349 208
1757091674894 2288.74226651555 209
1757091675012 2288.730062350179 210
1757091675123 2288.7179855286313 211
1757091675244 2288.706034513097 212
1757091675353 2288.6942077852987 213
1757091675475 2288.68250384623 214
1757091675593 2288.670921215899 215
1757091675711 2288.659458433077 216
1757091675824 2288.6481140550454 217
1757091675930 2288.636886657356 218
1757091676049 2288.6257748335884 219
1757091676158 2288.614777195106 220
1757091676274 2288.60389237083 221
1757091676385 2288.5931190070046 222
1757091676504 2288.5824557669685 223
1757091676625 2288.5719013309313 224
1757091676746 2288.5614543957536 225
1757091676863 2288.5511136747273 226
1757091676982 2288.540877897363 227
1757091677100 2288.530745809173 228
1757091677211 2288.5207161714707 229
1757091677325 2288.510787761156 230
1757091677444 2288.500959370519 231
1757091677586 2288.4912298070367 232
1757091677709 2288.481597893176 233
1757091677831 2288.4720624661977 234
1757091677942 2288.4626223779683 235
1757091678063 2288.4532764947676 236
1757091678185 2288.4440236971013 237
1757091678310 2288.43486287952 238
1757091678428 2288.425792950435 239
1757091678543 2288.4168128319393 240
1757091678662 2288.407921459633 241
1757091678784 2288.3991177824464 242
1757091678904 2288.390400762469 243
1757091679026 2288.381769374779 244
1757091679150 2288.373222607279 245
1757091679274 2288.364759460527 246
1757091679384 2288.356378947574 247
1757091679505 2288.3480800938064 248
1757091679621 2288.339861936785 249
1757091679741 2288.3317235260874 250
1757091679859 2288.323663923156 251
1757091679972 2288.3156822011456 252
1757091680085 2288.3077774447706 253
1757091680213 2288.2999487501584 254
1757091680334 2288.2921952247034 255
1757091680450 2288.2845159869225 256
1757091680571 2288.276910166312 257
1757091680689 2288.2693769032057 258
1757091680813 2288.2619153486385 259
1757091680935 2288.2545246642094 260
1757091681053 2288.247204021944 261
1757091681176 2288.239952604163 262
1757091681296 2288.2327696033503 263
1757091681413 2288.225654222023 264
1757091681518 2288.2186056726023 265
1757091681638 2288.211623177288 266
1757091681759 2288.204705967934 267
1757091681877 2288.197853285925 268
1757091681994 2288.191064382053 269
1757091682108 2288.184338516399 270
1757091682222 2288.1776749582145 271
1757091682341 2288.1710729858028 272
1757091682463 2288.1645318864093 273
1757091682582 2288.158050956097 274
1757091682699 2288.151629499645 275
1757091682819 2288.1452668304323 276
1757091682941 2288.138962270327 277
1757091683062 2288.1327151495816 278
1757091683181 2288.126524806725 279
1757091683302 2288.1203905884554 280
1757091683419 2288.11431184954 281
1757091683533 2288.10828795271 282
1757091683647 2288.102318268558 283
1757091683753 2288.096402175442 284
1757091683868 2288.0905390593834 285
1757091683980 2288.0847283139706 286
1757091684099 2288.0789693402644 287
1757091684215 2288.0732615466995 288
1757091684356 2288.067604348995 289
1757091684476 2288.061997170058 290
1757091684595 2288.056439439898 291
1757091684714 2288.050930595529 292
1757091684834 2288.045470080888 293
1757091684952 2288.040057346743 294
1757091685070 2288.0346918506066 295
1757091685187 2288.029373056653 296
1757091685304 2288.0241004356317 297
1757091685426 2288.0188734647827 298
1757091685542 2288.013691627758 299
1757091685658 2288.0085544145372 300
1757091685779 2288.0034613213497 301
1757091685899 2287.998411850594 302
1757091686015 2287.9934055107583 303
1757091686140 2287.9884418163483 304
1757091686254 2287.983520287807 305
1757091686374 2287.978640451441 306
1757091686494 2287.973801839343 307
1757091686612 2287.969003989326 308
1757091686729 2287.964246444844 309
1757091686850 2287.9595287549246 310
1757091686973 2287.954850474096 311
1757091687092 2287.9502111623206 312
1757091687212 2287.9456103849234 313
1757091687330 2287.941047712526 314
1757091687455 2287.9365227209805 315
1757091687575 2287.932034991299 316
1757091687697 2287.927584109596 317
1757091687820 2287.923169667018 318
1757091687940 2287.91879125968 319
1757091688061 2287.9144484886083 320
1757091688181 2287.910140959672 321
1757091688296 2287.9058682835284 322
1757091688413 2287.901630075556 323
1757091688531 2287.897425955801 324
1757091688650 2287.8932555489127 325
1757091688774 2287.8891184840923 326
1757091688897 2287.885014395031 327
1757091689019 2287.880942919852 328
1757091689141 2287.876903701061 329
1757091689259 2287.8728963854855 330
1757091689382 2287.8689206242234 331
1757091689505 2287.8649760725857 332
1757091689625 2287.8610623900495 333
1757091689747 2287.8571792401995 334
1757091689867 2287.8533262906813 335
1757091689986 2287.8495032131464 336
1757091690097 2287.8457096832058 337
1757091690216 2287.8419453803767 338
1757091690337 2287.8382099880355 339
1757091690457 2287.834503193368 340
1757091690581 2287.8308246873257 341
1757091690696 2287.8271741645717 342
1757091690812 2287.8235513234404 343
1757091690932 2287.819955865889 344
1757091691052 2287.816387497449 345
1757091691165 2287.812845927188 346
1757091691281 2287.809330867661 347
1757091691400 2287.8058420348675 348
1757091691541 2287.8023791482087 349
1757091691660 2287.7989419304445 350
1757091691781 2287.795530107652 351
1757091691903 2287.792143409185 352
1757091692025 2287.7887815676295 353
1757091692143 2287.7854443187666 354
1757091692262 2287.7821314015337 355
1757091692382 2287.7788425579806 356
1757091692506 2287.775577533234 357
1757091692625 2287.772336075457 358
1757091692743 2287.7676652930973 359
1757091692872 2287.76438450504 360
