1757094261596 nan 0
1757094261842 nan 1
1757094261956 nan 2
1757094262148 nan 3
1757094262376 nan 4
1757094262511 nan 5
1757094262695 nan 6
1757094262859 nan 7
1757094262993 nan 8
1757094263123 nan 9
1757094263264 nan 10
1757094263437 nan 11
1757094263584 nan 12
1757094263718 nan 13
1757094263867 nan 14
1757094264009 nan 15
1757094264180 nan 16
1757094264351 nan 17
1757094264489 nan 18
1757094264623 nan 19
1757094264855 nan 20
1757094265006 nan 21
1757094265155 nan 22
1757094265352 nan 23
1757094265511 nan 24
1757094265656 nan 25
1757094265797 nan 26
1757094265956 nan 27
1757094266099 nan 28
1757094266251 nan 29
1757094266407 nan 30
1757094266544 nan 31
1757094266689 nan 32
1757094266837 nan 33
1757094267004 nan 34
1757094267177 nan 35
1757094267313 nan 36
1757094267479 nan 37
1757094267650 nan 38
1757094267813 nan 39
1757094267975 nan 40
1757094268157 nan 41
1757094268303 nan 42
1757094268501 nan 43
1757094268661 nan 44
1757094268801 nan 45
1757094268968 nan 46
1757094269186 nan 47
1757094269352 nan 48
1757094269578 nan 49
1757094269729 nan 50
1757094269877 nan 51
1757094270069 nan 52
1757094270219 nan 53
1757094270375 nan 54
1757094270520 nan 55
1757094270713 nan 56
1757094270931 nan 57
1757094271165 nan 58
1757094271310 nan 59
1757094271454 nan 60
1757094271630 nan 61
1757094271791 nan 62
1757094271928 nan 63
1757094272073 nan 64
1757094272228 nan 65
1757094272375 nan 66
1757094272519 nan 67
1757094272672 nan 68
1757094272874 nan 69
1757094273201 nan 70
1757094273401 nan 71
1757094273598 nan 72
1757094273752 nan 73
1757094273886 nan 74
1757094274027 nan 75
1757094274159 nan 76
1757094274311 nan 77
1757094274472 nan 78
1757094274641 nan 79
1757094274798 nan 80
1757094274950 nan 81
1757094275110 nan 82
1757094275272 nan 83
1757094275418 nan 84
1757094275548 nan 85
1757094275680 nan 86
1757094275831 nan 87
1757094275981 nan 88
1757094276127 nan 89
1757094276285 nan 90
1757094276493 nan 91
1757094276655 nan 92
1757094276808 nan 93
1757094276976 nan 94
1757094277115 nan 95
1757094277255 nan 96
1757094277415 nan 97
1757094277588 nan 98
1757094277779 nan 99
1757094277922 nan 100
1757094278074 nan 101
1757094278234 nan 102
1757094278378 nan 103
1757094278524 nan 104
1757094278696 nan 105
1757094278848 nan 106
1757094279018 nan 107
1757094279179 nan 108
1757094279330 nan 109
1757094279484 nan 110
1757094279781 nan 111
1757094279910 nan 112
1757094280058 nan 113
1757094280194 nan 114
1757094280332 nan 115
1757094280474 nan 116
1757094280612 nan 117
1757094280738 nan 118
1757094280869 nan 119
1757094281003 nan 120
1757094281148 nan 121
1757094281284 nan 122
1757094281418 nan 123
1757094281552 nan 124
1757094281685 nan 125
1757094281817 nan 126
1757094281949 nan 127
1757094282083 nan 128
1757094282216 nan 129
1757094282367 nan 130
1757094282520 nan 131
1757094282712 nan 132
1757094282843 nan 133
1757094282974 nan 134
1757094283106 nan 135
1757094283234 nan 136
1757094283363 nan 137
1757094283500 nan 138
1757094283630 nan 139
1757094283765 nan 140
1757094283895 nan 141
1757094284025 nan 142
1757094284154 nan 143
1757094284278 nan 144
1757094284419 nan 145
1757094284558 nan 146
1757094284690 nan 147
1757094284821 nan 148
1757094284953 nan 149
1757094285084 nan 150
1757094285218 nan 151
1757094285363 nan 152
1757094285522 nan 153
1757094285709 nan 154
1757094285840 nan 155
1757094285972 nan 156
1757094286108 nan 157
1757094286264 nan 158
1757094286414 nan 159
1757094286543 nan 160
1757094286684 nan 161
1757094286817 nan 162
1757094286951 nan 163
1757094287094 nan 164
1757094287231 nan 165
1757094287377 nan 166
1757094287510 nan 167
1757094287638 nan 168
1757094287803 nan 169
1757094287957 nan 170
1757094288100 nan 171
1757094288271 nan 172
1757094288501 nan 173
1757094288636 nan 174
1757094288784 nan 175
1757094288941 nan 176
1757094289104 nan 177
1757094289256 nan 178
1757094289402 nan 179
1757094289549 nan 180
1757094289752 nan 181
1757094289902 nan 182
1757094290064 nan 183
1757094290201 nan 184
1757094290343 nan 185
1757094290497 nan 186
1757094290630 nan 187
1757094290781 nan 188
1757094290931 nan 189
1757094291205 nan 190
1757094291360 nan 191
1757094291510 nan 192
1757094291642 nan 193
1757094291776 nan 194
1757094291969 nan 195
1757094292115 nan 196
1757094292251 nan 197
1757094292390 nan 198
1757094292528 nan 199
1757094292832 nan 200
1757094293035 nan 201
1757094293189 nan 202
1757094293377 nan 203
1757094293539 nan 204
1757094293701 nan 205
1757094293855 nan 206
1757094294018 nan 207
1757094294159 nan 208
1757094294331 nan 209
1757094294484 nan 210
1757094294622 nan 211
1757094294786 nan 212
1757094294940 nan 213
1757094295082 nan 214
1757094295233 nan 215
1757094295376 nan 216
1757094295524 nan 217
1757094295671 nan 218
1757094295816 nan 219
1757094295966 nan 220
1757094296117 nan 221
1757094296277 nan 222
1757094296425 nan 223
1757094296615 nan 224
1757094296800 nan 225
1757094297043 nan 226
1757094297204 nan 227
1757094297388 nan 228
1757094297573 nan 229
1757094297711 nan 230
1757094297848 nan 231
1757094297992 nan 232
1757094298126 nan 233
1757094298274 nan 234
1757094298442 nan 235
1757094298579 nan 236
1757094298713 nan 237
1757094298868 nan 238
1757094299115 nan 239
1757094299295 nan 240
1757094299445 nan 241
1757094299581 nan 242
1757094299718 nan 243
1757094299864 nan 244
1757094300033 nan 245
1757094300195 nan 246
1757094300370 nan 247
1757094300510 nan 248
1757094300742 nan 249
1757094300888 nan 250
1757094301041 nan 251
1757094301194 nan 252
1757094301356 nan 253
1757094301501 nan 254
1757094301647 nan 255
1757094301808 nan 256
1757094301968 nan 257
1757094302103 nan 258
1757094302242 nan 259
1757094302404 nan 260
1757094302556 nan 261
1757094302705 nan 262
1757094302991 nan 263
1757094303133 nan 264
1757094303274 nan 265
1757094303439 nan 266
1757094303599 nan 267
1757094303757 nan 268
1757094303912 nan 269
1757094304058 nan 270
1757094304196 nan 271
1757094304330 nan 272
1757094304474 nan 273
1757094304629 nan 274
1757094304794 nan 275
1757094304977 nan 276
1757094305126 nan 277
1757094305275 nan 278
1757094305435 nan 279
1757094305610 nan 280
1757094305761 nan 281
1757094305908 nan 282
1757094306061 nan 283
1757094306203 nan 284
1757094306348 nan 285
1757094306523 nan 286
1757094306667 nan 287
1757094306819 nan 288
1757094306972 nan 289
1757094307124 nan 290
1757094307274 nan 291
1757094307417 nan 292
1757094307564 nan 293
1757094307735 nan 294
1757094307880 nan 295
1757094308025 nan 296
1757094308178 nan 297
1757094308329 nan 298
1757094308477 nan 299
1757094308642 nan 300
1757094308786 nan 301
1757094308925 nan 302
1757094309062 nan 303
1757094309217 nan 304
1757094309360 nan 305
1757094309510 nan 306
1757094309677 nan 307
1757094309922 nan 308
1757094310069 nan 309
1757094310270 nan 310
1757094310564 nan 311
1757094310844 nan 312
1757094311027 nan 313
1757094311230 nan 314
1757094311448 nan 315
1757094311607 nan 316
1757094311760 nan 317
1757094311908 nan 318
1757094312075 nan 319
1757094312220 nan 320
1757094312362 nan 321
1757094312517 nan 322
1757094312688 nan 323
1757094312853 nan 324
1757094313021 nan 325
1757094313327 nan 326
1757094313470 nan 327
1757094313617 nan 328
1757094313763 nan 329
1757094313919 nan 330
1757094314064 nan 331
1757094314220 nan 332
1757094314370 nan 333
1757094314511 nan 334
1757094314666 nan 335
1757094314816 nan 336
1757094314958 nan 337
1757094315102 nan 338
1757094315247 nan 339
1757094315409 nan 340
1757094315558 nan 341
1757094315708 nan 342
1757094315845 nan 343
1757094316028 nan 344
1757094316193 nan 345
1757094316355 nan 346
1757094316518 nan 347
1757094316679 nan 348
1757094316832 nan 349
1757094317075 nan 350
1757094317272 nan 351
1757094317446 nan 352
1757094317610 nan 353
1757094317767 nan 354
1757094317916 nan 355
1757094318104 nan 356
1757094318269 nan 357
1757094318416 nan 358
1757094318562 nan 359
1757094318719 nan 360
1757094318863 nan 361
1757094319004 nan 362
1757094319159 nan 363
1757094319397 nan 364
1757094319536 nan 365
1757094319677 nan 366
1757094319826 nan 367
1757094319972 nan 368
1757094320115 nan 369
1757094320262 nan 370
1757094320406 nan 371
1757094320546 nan 372
1757094320898 nan 373
1757094321068 nan 374
1757094321288 nan 375
1757094321463 nan 376
1757094321628 nan 377
1757094321791 nan 378
1757094321948 nan 379
1757094322145 nan 380
1757094322305 nan 381
1757094322458 nan 382
1757094322616 nan 383
1757094322782 nan 384
1757094322961 nan 385
1757094323112 nan 386
1757094323281 nan 387
1757094323424 nan 388
1757094323569 nan 389
1757094323719 nan 390
1757094323861 nan 391
1757094324014 nan 392
1757094324155 nan 393
1757094324314 nan 394
1757094324483 nan 395
1757094324627 nan 396
1757094324768 nan 397
1757094324908 nan 398
1757094325173 nan 399
1757094325382 nan 400
1757094325533 nan 401
1757094325690 nan 402
1757094325836 nan 403
1757094325982 nan 404
1757094326148 nan 405
1757094326312 nan 406
1757094326481 nan 407
1757094326619 nan 408
1757094326773 nan 409
1757094326920 nan 410
1757094327060 nan 411
1757094327211 nan 412
1757094327359 nan 413
1757094327516 nan 414
1757094327660 nan 415
1757094327826 nan 416
1757094328019 nan 417
1757094328191 nan 418
1757094328359 nan 419
1757094328510 nan 420
1757094328651 nan 421
1757094328803 nan 422
1757094328962 nan 423
1757094329103 nan 424
1757094329243 nan 425
1757094329388 nan 426
1757094329560 nan 427
1757094329701 nan 428
1757094329840 nan 429
1757094329986 nan 430
1757094330125 nan 431
1757094330262 nan 432
1757094330417 nan 433
1757094330565 nan 434
1757094330732 nan 435
1757094330883 nan 436
1757094331058 nan 437
1757094331237 nan 438
1757094331428 nan 439
1757094331671 nan 440
1757094331824 nan 441
1757094331991 nan 442
1757094332167 nan 443
1757094332302 nan 444
1757094332460 nan 445
1757094332718 nan 446
1757094332864 nan 447
1757094333044 nan 448
1757094333188 nan 449
1757094333358 nan 450
1757094333527 nan 451
1757094333666 nan 452
1757094333867 nan 453
1757094334016 nan 454
1757094334151 nan 455
1757094334305 nan 456
1757094334537 nan 457
1757094334679 nan 458
1757094334810 nan 459
1757094334940 nan 460
1757094335069 nan 461
1757094335200 nan 462
1757094335333 nan 463
1757094335468 nan 464
1757094335619 nan 465
1757094335756 nan 466
1757094335927 nan 467
1757094336088 nan 468
1757094336237 nan 469
1757094336389 nan 470
1757094336539 nan 471
1757094336683 nan 472
1757094336823 nan 473
1757094336968 nan 474
1757094337121 nan 475
1757094337258 nan 476
1757094337394 nan 477
1757094337534 nan 478
1757094337715 nan 479
1757094337859 nan 480
1757094338000 nan 481
1757094338148 nan 482
1757094338334 nan 483
1757094338504 nan 484
1757094338650 nan 485
1757094338798 nan 486
1757094338930 nan 487
1757094339057 nan 488
1757094339186 nan 489
1757094339345 nan 490
1757094339499 nan 491
1757094339671 nan 492
1757094339824 nan 493
1757094339979 nan 494
1757094340164 nan 495
1757094340306 nan 496
1757094340488 nan 497
1757094340618 nan 498
1757094340765 nan 499
