1757093575076 nan 0
1757093575206 nan 1
1757093575332 nan 2
1757093575458 nan 3
1757093575587 nan 4
1757093575722 nan 5
1757093575857 nan 6
1757093575995 nan 7
1757093576194 nan 8
1757093576347 nan 9
1757093576468 nan 10
1757093576599 nan 11
1757093576720 nan 12
1757093576849 nan 13
1757093576977 nan 14
1757093577101 nan 15
1757093577237 nan 16
1757093577390 nan 17
1757093577520 nan 18
1757093577647 nan 19
1757093577774 nan 20
1757093577903 nan 21
1757093578031 nan 22
1757093578162 nan 23
1757093578287 nan 24
1757093578409 nan 25
1757093578531 nan 26
1757093578662 nan 27
1757093578795 nan 28
1757093579014 nan 29
1757093579139 nan 30
1757093579374 nan 31
1757093579525 nan 32
1757093579696 nan 33
1757093579835 nan 34
1757093580031 nan 35
1757093580175 nan 36
1757093580323 nan 37
1757093580509 nan 38
1757093580635 nan 39
1757093580770 nan 40
1757093580910 nan 41
1757093581045 nan 42
1757093581186 nan 43
1757093581318 nan 44
1757093581450 nan 45
1757093581579 nan 46
1757093581707 nan 47
1757093581843 nan 48
1757093581991 nan 49
1757093582126 nan 50
1757093582363 nan 51
1757093582492 nan 52
1757093582654 nan 53
1757093582797 nan 54
1757093582943 nan 55
1757093583084 nan 56
1757093583221 nan 57
1757093583352 nan 58
1757093583501 nan 59
1757093583658 nan 60
1757093583799 nan 61
1757093583926 nan 62
1757093584058 nan 63
1757093584187 nan 64
1757093584320 nan 65
1757093584461 nan 66
1757093584616 nan 67
1757093584752 nan 68
1757093584881 nan 69
1757093585017 nan 70
1757093585152 nan 71
1757093585285 nan 72
1757093585422 nan 73
1757093585557 nan 74
1757093585697 nan 75
1757093585835 nan 76
1757093585971 nan 77
1757093586113 nan 78
1757093586263 nan 79
1757093586411 nan 80
1757093586542 nan 81
1757093586686 nan 82
1757093586831 nan 83
1757093586971 nan 84
1757093587133 nan 85
1757093587291 nan 86
1757093587426 nan 87
1757093587564 nan 88
1757093587707 nan 89
1757093587848 nan 90
1757093587984 nan 91
1757093588124 nan 92
1757093588264 nan 93
1757093588416 nan 94
1757093588561 nan 95
1757093588704 nan 96
1757093588846 nan 97
1757093588979 nan 98
1757093589122 nan 99
1757093589273 nan 100
1757093589424 nan 101
1757093589556 nan 102
1757093589692 nan 103
1757093589834 nan 104
1757093589972 nan 105
1757093590106 nan 106
1757093590243 nan 107
1757093590388 nan 108
1757093590534 nan 109
1757093590675 nan 110
1757093590832 nan 111
1757093590995 nan 112
1757093591271 nan 113
1757093591439 nan 114
1757093591579 nan 115
1757093591725 nan 116
1757093591877 nan 117
1757093592026 nan 118
1757093592176 nan 119
1757093592333 nan 120
1757093592475 nan 121
1757093592614 nan 122
1757093592757 nan 123
1757093592910 nan 124
1757093593065 nan 125
1757093593214 nan 126
1757093593355 nan 127
1757093593501 nan 128
1757093593646 nan 129
1757093593777 nan 130
1757093593931 nan 131
1757093594078 nan 132
1757093594212 nan 133
1757093594375 nan 134
1757093594548 nan 135
1757093594698 nan 136
1757093594859 nan 137
1757093595008 nan 138
1757093595169 nan 139
1757093595319 nan 140
1757093595464 nan 141
1757093595609 nan 142
1757093595745 nan 143
1757093595897 nan 144
1757093596038 nan 145
1757093596179 nan 146
1757093596323 nan 147
1757093596458 nan 148
1757093596599 nan 149
1757093596742 nan 150
1757093596881 nan 151
1757093597019 nan 152
1757093597168 nan 153
1757093597316 nan 154
1757093597459 nan 155
1757093597617 nan 156
1757093597762 nan 157
1757093597896 nan 158
1757093598037 nan 159
1757093598185 nan 160
1757093598321 nan 161
1757093598508 nan 162
1757093598696 nan 163
1757093598862 nan 164
1757093599022 nan 165
1757093599169 nan 166
1757093599331 nan 167
1757093599475 nan 168
1757093599696 nan 169
1757093599868 nan 170
1757093600032 nan 171
1757093600198 nan 172
1757093600362 nan 173
1757093600528 nan 174
1757093600678 nan 175
1757093600834 nan 176
1757093600986 nan 177
1757093601134 nan 178
1757093601269 nan 179
1757093601423 nan 180
1757093601574 nan 181
1757093601726 nan 182
1757093601880 nan 183
1757093602026 nan 184
1757093602188 nan 185
1757093602339 nan 186
1757093602487 nan 187
1757093602630 nan 188
1757093602767 nan 189
1757093602917 nan 190
1757093603061 nan 191
1757093603197 nan 192
1757093603344 nan 193
1757093603492 nan 194
1757093603633 nan 195
1757093603772 nan 196
1757093603924 nan 197
1757093604069 nan 198
1757093604209 nan 199
1757093604351 nan 200
1757093604501 nan 201
1757093604645 nan 202
1757093604791 nan 203
1757093604952 nan 204
1757093605095 nan 205
1757093605241 nan 206
1757093605387 nan 207
1757093605548 nan 208
1757093605699 nan 209
1757093605832 nan 210
1757093605968 nan 211
1757093606115 nan 212
1757093606255 nan 213
1757093606392 nan 214
1757093606542 nan 215
1757093606685 nan 216
1757093606829 nan 217
1757093606990 nan 218
1757093607128 nan 219
1757093607268 nan 220
1757093607406 nan 221
1757093607556 nan 222
1757093607692 nan 223
1757093607828 nan 224
1757093607971 nan 225
1757093608147 nan 226
1757093608334 nan 227
1757093608474 nan 228
1757093608618 nan 229
1757093608758 nan 230
1757093608903 nan 231
1757093609058 nan 232
1757093609206 nan 233
1757093609339 nan 234
1757093609475 nan 235
1757093609629 nan 236
1757093609778 nan 237
1757093609922 nan 238
1757093610057 nan 239
1757093610198 nan 240
1757093610331 nan 241
1757093610478 nan 242
1757093610628 nan 243
1757093610774 nan 244
1757093610909 nan 245
1757093611055 nan 246
1757093611211 nan 247
1757093611355 nan 248
1757093611500 nan 249
1757093611631 nan 250
1757093611782 nan 251
1757093611912 nan 252
1757093612042 nan 253
1757093612183 nan 254
1757093612328 nan 255
1757093612457 nan 256
1757093612593 nan 257
1757093612729 nan 258
1757093612873 nan 259
1757093613059 nan 260
1757093613221 nan 261
1757093613353 nan 262
1757093613490 nan 263
1757093613624 nan 264
1757093613760 nan 265
1757093613899 nan 266
1757093614042 nan 267
1757093614190 nan 268
1757093614324 nan 269
1757093614458 nan 270
1757093614601 nan 271
1757093614747 nan 272
1757093614880 nan 273
1757093615008 nan 274
1757093615142 nan 275
1757093615277 nan 276
1757093615410 nan 277
1757093615544 nan 278
1757093615675 nan 279
1757093615817 nan 280
1757093615951 nan 281
1757093616093 nan 282
1757093616231 nan 283
1757093616434 nan 284
1757093616566 nan 285
1757093616700 nan 286
1757093616839 nan 287
1757093616969 nan 288
1757093617101 nan 289
1757093617242 nan 290
1757093617376 nan 291
1757093617526 nan 292
1757093617662 nan 293
1757093617795 nan 294
1757093617934 nan 295
1757093618086 nan 296
1757093618224 nan 297
1757093618360 nan 298
1757093618505 nan 299
1757093618641 nan 300
1757093618787 nan 301
1757093618924 nan 302
1757093619124 nan 303
1757093619306 nan 304
1757093619450 nan 305
1757093619595 nan 306
1757093619738 nan 307
1757093619872 nan 308
1757093620008 nan 309
1757093620149 nan 310
1757093620288 nan 311
1757093620422 nan 312
1757093620570 nan 313
1757093620706 nan 314
1757093620840 nan 315
1757093620970 nan 316
1757093621122 nan 317
1757093621261 nan 318
1757093621391 nan 319
1757093621526 nan 320
1757093621659 nan 321
1757093621790 nan 322
1757093621926 nan 323
1757093622080 nan 324
1757093622244 nan 325
1757093622384 nan 326
1757093622634 nan 327
1757093622757 nan 328
1757093622888 nan 329
1757093623021 nan 330
1757093623174 nan 331
1757093623313 nan 332
1757093623455 nan 333
1757093623592 nan 334
1757093623728 nan 335
1757093623867 nan 336
1757093624013 nan 337
1757093624163 nan 338
1757093624311 nan 339
1757093624468 nan 340
1757093624603 nan 341
1757093624733 nan 342
1757093624861 nan 343
1757093625002 nan 344
1757093625232 nan 345
1757093625497 nan 346
1757093625845 nan 347
1757093626011 nan 348
1757093626159 nan 349
1757093626308 nan 350
1757093626469 nan 351
1757093626616 nan 352
1757093626764 nan 353
1757093626929 nan 354
1757093627064 nan 355
1757093627196 nan 356
1757093627365 nan 357
1757093627594 nan 358
1757093627728 nan 359
1757093627865 nan 360
1757093628017 nan 361
1757093628218 nan 362
1757093628394 nan 363
1757093628562 nan 364
1757093628732 nan 365
1757093628948 nan 366
1757093629094 nan 367
1757093629232 nan 368
1757093629368 nan 369
1757093629508 nan 370
1757093629650 nan 371
1757093629784 nan 372
1757093629911 nan 373
1757093630045 nan 374
1757093630185 nan 375
1757093630325 nan 376
1757093630461 nan 377
1757093630609 nan 378
1757093630753 nan 379
1757093630902 nan 380
1757093631041 nan 381
1757093631190 nan 382
1757093631326 nan 383
1757093631459 nan 384
1757093631586 nan 385
1757093631730 nan 386
1757093631858 nan 387
1757093631989 nan 388
1757093632151 nan 389
1757093632283 nan 390
1757093632414 nan 391
1757093632554 nan 392
1757093632694 nan 393
1757093632841 nan 394
1757093632981 nan 395
1757093633127 nan 396
1757093633263 nan 397
1757093633404 nan 398
1757093633664 nan 399
1757093633802 nan 400
1757093633952 nan 401
1757093634092 nan 402
1757093634235 nan 403
1757093634374 nan 404
1757093634511 nan 405
1757093634664 nan 406
1757093634800 nan 407
1757093634929 nan 408
1757093635058 nan 409
1757093635199 nan 410
1757093635341 nan 411
1757093635476 nan 412
1757093635615 nan 413
1757093635763 nan 414
1757093635898 nan 415
1757093636060 nan 416
1757093636209 nan 417
1757093636353 nan 418
1757093636498 nan 419
1757093636633 nan 420
1757093636786 nan 421
1757093636919 nan 422
1757093637052 nan 423
1757093637193 nan 424
1757093637327 nan 425
1757093637474 nan 426
1757093637612 nan 427
1757093637743 nan 428
1757093637906 nan 429
1757093638058 nan 430
1757093638186 nan 431
1757093638327 nan 432
1757093638465 nan 433
1757093638601 nan 434
1757093638738 nan 435
1757093638901 nan 436
1757093639047 nan 437
1757093639185 nan 438
1757093639324 nan 439
1757093639480 nan 440
1757093639610 nan 441
1757093639754 nan 442
1757093639906 nan 443
1757093640044 nan 444
1757093640180 nan 445
1757093640321 nan 446
1757093640477 nan 447
1757093640609 nan 448
1757093640740 nan 449
1757093640884 nan 450
1757093641048 nan 451
1757093641180 nan 452
1757093641320 nan 453
1757093641459 nan 454
1757093641596 nan 455
1757093641896 nan 456
1757093642016 nan 457
1757093642148 nan 458
1757093642287 nan 459
1757093642424 nan 460
1757093642567 nan 461
1757093642699 nan 462
1757093642831 nan 463
1757093642966 nan 464
1757093643103 nan 465
1757093643234 nan 466
1757093643366 nan 467
1757093643506 nan 468
1757093643634 nan 469
1757093643763 nan 470
1757093643892 nan 471
1757093644020 nan 472
1757093644167 nan 473
1757093644303 nan 474
1757093644442 nan 475
1757093644579 nan 476
1757093644717 nan 477
1757093644849 nan 478
1757093644986 nan 479
1757093645141 nan 480
1757093645283 nan 481
1757093645415 nan 482
1757093645546 nan 483
1757093645691 nan 484
1757093645831 nan 485
1757093645971 nan 486
1757093646109 nan 487
1757093646246 nan 488
1757093646385 nan 489
1757093646526 nan 490
1757093646692 nan 491
1757093646832 nan 492
1757093646973 nan 493
1757093647111 nan 494
1757093647256 nan 495
1757093647393 nan 496
1757093647534 nan 497
1757093647676 nan 498
1757093647832 nan 499
