1757091717020 29469.174757281555 0
1757091717133 23207.463391545272 1
1757091717246 18824.49050655728 2
1757091717354 15524.325069782537 3
1757091717474 12951.879403021649 4
1757091717670 10914.523515206332 5
1757091717787 9288.972089195904 6
1757091717906 7986.541766595477 7
1757091718022 6940.241909328703 8
1757091718139 6097.93064601234 9
1757091718256 5418.513557945172 10
1757091718372 4869.460008681608 11
1757091718498 4424.807431922175 12
1757091718611 4063.930451020938 13
1757091718722 3770.3798139004016 14
1757091718844 3531.021161150767 15
1757091718961 3335.3550246231016 16
1757091719068 3174.97850658166 17
1757091719180 3043.1584804214513 18
1757091719298 2934.4928639576174 19
1757091719420 2844.6415700117213 20
1757091719541 2770.112642139863 21
1757091719656 2708.0921331636314 22
1757091719777 2656.308680447848 23
1757091719897 2612.9256199684687 24
1757091720016 2576.45497128132 25
1757091720131 2545.68880267048 26
1757091720250 2519.6444164462605 27
1757091720371 2497.5205306504076 28
1757091720492 2478.662216242593 29
1757091720611 2462.532810415204 30
1757091720728 2448.6913924150626 31
1757091720846 2436.774698180964 32
1757091720964 2426.4825800545345 33
1757091721078 2417.5663002853553 34
1757091721199 2409.8190919054355 35
1757091721312 2403.0685356018953 36
1757091721422 2397.1703926474283 37
1757091721531 2392.00360664441 38
1757091721647 2387.46624467086 39
1757091721765 2383.472194450441 40
1757091722716 2379.9484708333953 41
1757091722840 2376.833014096152 42
1757091722955 2374.072885871334 43
1757091723130 2371.622787118273 44
1757091723240 2369.4438373983016 45
1757091723355 2367.502566592482 46
1757091723474 2365.7700796981817 47
1757091723584 2364.221362947081 48
1757091723705 2362.8347055837467 49
1757091723825 2361.5912165356763 50
1757091723938 2360.474419135144 51
1757091724055 2359.4699102134427 52
1757091724177 2358.5650724330526 53
1757091724294 2357.7488307755098 54
1757091724413 2357.0114457601303 55
1757091724537 2356.3443373094146 56
1757091724730 2355.7399342631775 57
1757091724848 2355.1915454251744 58
1757091724971 2354.693248743082 59
