1757091974126 28415.848166831714 0
1757091974242 22431.771608263614 1
1757091974360 18314.758109159568 2
1757091974475 15223.50800487603 3
1757091974591 12803.284896637368 4
1757091974705 10871.498980387663 5
1757091974827 9316.541970952514 6
1757091974949 8059.690449611657 7
1757091975065 7041.709050480999 8
1757091975184 6216.189924119871 9
1757091975301 5546.311984871692 10
1757091975411 5002.198413558225 11
1757091975522 4559.920118942172 12
1757091975639 4200.220095808754 13
1757091975764 3907.4072945623984 14
1757091975878 3668.868060458153 15
1757091975997 3474.39462654417 16
1757091976117 3315.721051833244 17
1757091976227 3186.1499778055304 18
1757091976349 3080.251952925331 19
1757091976474 2993.6229791553537 20
1757091976595 2922.6888665846122 21
1757091976714 2864.5472646994044 22
1757091976832 2816.8400450393533 23
1757091976948 2777.650150162208 24
1757091977066 2745.4181763118154 25
1757091977183 2718.8748811760747 26
1757091977297 2696.986549796619 27
1757091977416 2678.91074752554 28
1757091977551 2663.9604679267836 29
1757091977676 2651.575068837926 30
1757091977798 2641.296699943864 31
1757091977923 2632.75117497449 32
1757091978041 2625.6324428838006 33
1757091978206 2619.68997460542 34
1757091978315 2614.718512835633 35
1757091978423 2610.549737891177 36
1757091978532 2607.0454879419976 37
1757091978638 2604.0922407801395 38
1757091978749 2601.5966199320083 39
1757091979334 2599.481732908904 40
1757091979456 2597.6841857772306 41
1757091979568 2596.151647672723 42
1757091979682 2594.840862717498 43
1757091979793 2593.716026101388 44
1757091979910 2592.74745672811 45
