1757093409627 nan 0
1757093409779 nan 1
1757093409929 nan 2
1757093410111 nan 3
1757093410279 nan 4
1757093410467 nan 5
1757093410637 nan 6
1757093410800 nan 7
1757093410999 nan 8
1757093411210 nan 9
1757093411392 nan 10
1757093411543 nan 11
1757093411725 nan 12
1757093411880 nan 13
1757093412034 nan 14
1757093412177 nan 15
1757093412357 nan 16
1757093412504 nan 17
1757093412675 nan 18
1757093412825 nan 19
1757093412973 nan 20
1757093413135 nan 21
1757093413295 nan 22
1757093413455 nan 23
1757093413608 nan 24
1757093413767 nan 25
1757093413911 nan 26
1757093414055 nan 27
1757093414217 nan 28
1757093414359 nan 29
1757093414504 nan 30
1757093414654 nan 31
1757093414854 nan 32
1757093415001 nan 33
1757093415142 nan 34
1757093415302 nan 35
1757093415472 nan 36
1757093415618 nan 37
1757093415749 nan 38
1757093415881 nan 39
1757093416014 nan 40
1757093416153 nan 41
1757093416294 nan 42
1757093416434 nan 43
1757093416575 nan 44
1757093416724 nan 45
1757093416877 nan 46
1757093417031 nan 47
1757093417171 nan 48
1757093417308 nan 49
1757093417456 nan 50
1757093417713 nan 51
1757093417859 nan 52
1757093417992 nan 53
1757093418153 nan 54
1757093418359 nan 55
1757093418509 nan 56
1757093418708 nan 57
1757093418849 nan 58
1757093419039 nan 59
1757093419182 nan 60
1757093419345 nan 61
1757093419488 nan 62
1757093419640 nan 63
1757093419799 nan 64
1757093419943 nan 65
1757093420092 nan 66
1757093420243 nan 67
1757093420489 nan 68
1757093420638 nan 69
1757093420823 nan 70
1757093420973 nan 71
1757093421106 nan 72
1757093421243 nan 73
1757093421382 nan 74
1757093421611 nan 75
1757093421783 nan 76
1757093421984 nan 77
1757093422148 nan 78
1757093422311 nan 79
1757093422481 nan 80
1757093422615 nan 81
1757093422748 nan 82
1757093422884 nan 83
1757093423015 nan 84
1757093423197 nan 85
1757093423334 nan 86
1757093423461 nan 87
1757093423611 nan 88
1757093423788 nan 89
1757093423935 nan 90
1757093424071 nan 91
1757093424215 nan 92
1757093424365 nan 93
1757093424498 nan 94
1757093424639 nan 95
1757093424789 nan 96
1757093424926 nan 97
1757093425104 nan 98
1757093425298 nan 99
1757093425454 nan 100
1757093425605 nan 101
1757093425740 nan 102
1757093425874 nan 103
1757093426010 nan 104
1757093426154 nan 105
1757093426347 nan 106
1757093426472 nan 107
1757093426656 nan 108
1757093426830 nan 109
1757093427073 nan 110
1757093427190 nan 111
1757093427372 nan 112
1757093427559 nan 113
1757093427704 nan 114
1757093427870 nan 115
1757093428015 nan 116
1757093428161 nan 117
1757093428403 nan 118
1757093428518 nan 119
1757093428686 nan 120
1757093428834 nan 121
1757093428968 nan 122
1757093429106 nan 123
1757093429236 nan 124
1757093429365 nan 125
1757093429522 nan 126
1757093429662 nan 127
1757093429797 nan 128
1757093429927 nan 129
1757093430051 nan 130
1757093430185 nan 131
1757093430316 nan 132
1757093430458 nan 133
1757093430599 nan 134
1757093430750 nan 135
1757093430890 nan 136
1757093431034 nan 137
1757093431174 nan 138
1757093431322 nan 139
1757093431477 nan 140
1757093431640 nan 141
1757093431776 nan 142
1757093431925 nan 143
1757093432056 nan 144
1757093432192 nan 145
1757093432397 nan 146
1757093432521 nan 147
1757093432664 nan 148
1757093432855 nan 149
1757093432995 nan 150
1757093433158 nan 151
1757093433319 nan 152
1757093433467 nan 153
1757093433629 nan 154
1757093433779 nan 155
1757093433913 nan 156
1757093434045 nan 157
1757093434201 nan 158
1757093434337 nan 159
1757093434474 nan 160
1757093434621 nan 161
1757093434747 nan 162
1757093434888 nan 163
1757093435022 nan 164
1757093435159 nan 165
1757093435299 nan 166
1757093435424 nan 167
1757093435561 nan 168
1757093435694 nan 169
1757093435828 nan 170
1757093435957 nan 171
1757093436104 nan 172
1757093436253 nan 173
1757093436397 nan 174
1757093436534 nan 175
1757093436685 nan 176
1757093436822 nan 177
1757093436950 nan 178
1757093437079 nan 179
1757093437211 nan 180
1757093437333 nan 181
1757093437490 nan 182
1757093437636 nan 183
1757093437761 nan 184
1757093437896 nan 185
1757093438023 nan 186
1757093438161 nan 187
1757093438294 nan 188
1757093438435 nan 189
1757093438628 nan 190
1757093438764 nan 191
1757093438898 nan 192
1757093439064 nan 193
1757093439218 nan 194
1757093439357 nan 195
1757093439511 nan 196
1757093439663 nan 197
1757093439813 nan 198
1757093439950 nan 199
1757093440088 nan 200
1757093440225 nan 201
1757093440364 nan 202
1757093440500 nan 203
1757093440662 nan 204
1757093440792 nan 205
1757093440942 nan 206
1757093441114 nan 207
1757093441243 nan 208
1757093441377 nan 209
1757093441496 nan 210
1757093441626 nan 211
1757093441758 nan 212
1757093441918 nan 213
1757093442071 nan 214
1757093442211 nan 215
1757093442344 nan 216
1757093442503 nan 217
1757093442649 nan 218
1757093442830 nan 219
1757093442990 nan 220
1757093443118 nan 221
1757093443273 nan 222
1757093443407 nan 223
1757093443543 nan 224
1757093443689 nan 225
1757093443860 nan 226
1757093444028 nan 227
1757093444161 nan 228
1757093444292 nan 229
1757093444422 nan 230
1757093444574 nan 231
1757093444720 nan 232
1757093444853 nan 233
1757093444991 nan 234
1757093445128 nan 235
1757093445258 nan 236
1757093445393 nan 237
1757093445531 nan 238
1757093445660 nan 239
1757093445793 nan 240
1757093445940 nan 241
1757093446087 nan 242
1757093446258 nan 243
1757093446411 nan 244
1757093446577 nan 245
1757093446717 nan 246
1757093446864 nan 247
1757093447006 nan 248
1757093447134 nan 249
1757093447271 nan 250
1757093447415 nan 251
1757093447548 nan 252
1757093447687 nan 253
1757093447820 nan 254
1757093447959 nan 255
1757093448094 nan 256
1757093448248 nan 257
1757093448392 nan 258
1757093448520 nan 259
1757093448654 nan 260
1757093448791 nan 261
1757093449041 nan 262
1757093449340 nan 263
1757093449474 nan 264
1757093449626 nan 265
1757093449777 nan 266
1757093449924 nan 267
1757093450075 nan 268
1757093450401 nan 269
1757093450561 nan 270
1757093450709 nan 271
1757093450854 nan 272
1757093450999 nan 273
1757093451136 nan 274
1757093451284 nan 275
1757093451420 nan 276
1757093451566 nan 277
1757093451700 nan 278
1757093451832 nan 279
1757093451960 nan 280
1757093452090 nan 281
1757093452250 nan 282
1757093452399 nan 283
1757093452531 nan 284
1757093452669 nan 285
1757093452812 nan 286
1757093452946 nan 287
1757093453076 nan 288
1757093453212 nan 289
1757093453381 nan 290
1757093453520 nan 291
1757093453653 nan 292
1757093453806 nan 293
1757093453942 nan 294
1757093454077 nan 295
1757093454212 nan 296
1757093454362 nan 297
1757093454509 nan 298
1757093454659 nan 299
1757093454803 nan 300
1757093455003 nan 301
1757093455165 nan 302
1757093455307 nan 303
1757093455460 nan 304
1757093455601 nan 305
1757093455749 nan 306
1757093455907 nan 307
1757093456053 nan 308
1757093456194 nan 309
1757093456338 nan 310
1757093456496 nan 311
1757093456633 nan 312
1757093456771 nan 313
1757093456946 nan 314
1757093457094 nan 315
1757093457248 nan 316
1757093457410 nan 317
1757093457607 nan 318
1757093457776 nan 319
1757093457938 nan 320
1757093458077 nan 321
1757093458220 nan 322
1757093458418 nan 323
1757093458567 nan 324
1757093458700 nan 325
1757093458835 nan 326
1757093458978 nan 327
1757093459138 nan 328
1757093459274 nan 329
1757093459407 nan 330
1757093459553 nan 331
1757093459681 nan 332
1757093459824 nan 333
1757093459973 nan 334
1757093460138 nan 335
1757093460294 nan 336
1757093460449 nan 337
1757093460609 nan 338
1757093460758 nan 339
1757093460933 nan 340
1757093461100 nan 341
1757093461244 nan 342
1757093461380 nan 343
1757093461523 nan 344
1757093461691 nan 345
1757093461837 nan 346
1757093461969 nan 347
1757093462115 nan 348
1757093462257 nan 349
1757093462394 nan 350
1757093462539 nan 351
1757093462686 nan 352
1757093462838 nan 353
1757093462993 nan 354
1757093463132 nan 355
1757093463287 nan 356
1757093463423 nan 357
1757093463566 nan 358
1757093463709 nan 359
1757093463845 nan 360
1757093463975 nan 361
1757093464127 nan 362
1757093464284 nan 363
1757093464426 nan 364
1757093464560 nan 365
1757093464700 nan 366
1757093464844 nan 367
1757093464985 nan 368
1757093465110 nan 369
1757093465282 nan 370
1757093465421 nan 371
1757093465555 nan 372
1757093465686 nan 373
1757093465822 nan 374
1757093465955 nan 375
1757093466085 nan 376
1757093466220 nan 377
1757093466373 nan 378
1757093466526 nan 379
1757093466677 nan 380
1757093466820 nan 381
1757093467136 nan 382
1757093467328 nan 383
1757093467464 nan 384
1757093467608 nan 385
1757093467791 nan 386
1757093467932 nan 387
1757093468070 nan 388
1757093468220 nan 389
1757093468359 nan 390
1757093468496 nan 391
1757093468649 nan 392
1757093468786 nan 393
1757093468918 nan 394
1757093469066 nan 395
1757093469212 nan 396
1757093469350 nan 397
1757093469500 nan 398
1757093469652 nan 399
1757093469794 nan 400
1757093469930 nan 401
1757093470068 nan 402
1757093470200 nan 403
1757093470335 nan 404
1757093470483 nan 405
1757093470628 nan 406
1757093470769 nan 407
1757093470936 nan 408
1757093471082 nan 409
1757093471240 nan 410
1757093471380 nan 411
1757093471514 nan 412
1757093471664 nan 413
1757093471817 nan 414
1757093471955 nan 415
1757093472096 nan 416
1757093472244 nan 417
1757093472390 nan 418
1757093472536 nan 419
1757093472827 nan 420
1757093473066 nan 421
1757093473204 nan 422
1757093473379 nan 423
1757093473547 nan 424
1757093473679 nan 425
1757093473816 nan 426
1757093473963 nan 427
1757093474096 nan 428
1757093474241 nan 429
1757093474383 nan 430
1757093474517 nan 431
1757093474660 nan 432
1757093474800 nan 433
1757093474932 nan 434
1757093475077 nan 435
1757093475219 nan 436
1757093475357 nan 437
1757093475492 nan 438
1757093475624 nan 439
1757093475764 nan 440
1757093475909 nan 441
1757093476057 nan 442
1757093476205 nan 443
1757093476345 nan 444
1757093476483 nan 445
1757093476736 nan 446
1757093476870 nan 447
1757093477111 nan 448
1757093477255 nan 449
1757093477408 nan 450
1757093477542 nan 451
1757093477670 nan 452
1757093477805 nan 453
1757093477938 nan 454
1757093478083 nan 455
1757093478227 nan 456
1757093478372 nan 457
1757093478507 nan 458
1757093478655 nan 459
1757093478790 nan 460
1757093478918 nan 461
1757093479055 nan 462
1757093479189 nan 463
1757093479318 nan 464
1757093479451 nan 465
1757093479587 nan 466
1757093479725 nan 467
1757093479883 nan 468
1757093480023 nan 469
1757093480162 nan 470
1757093480299 nan 471
1757093480444 nan 472
1757093480583 nan 473
1757093480724 nan 474
1757093480871 nan 475
1757093481005 nan 476
1757093481147 nan 477
1757093481278 nan 478
1757093481444 nan 479
1757093481620 nan 480
1757093481758 nan 481
1757093481892 nan 482
1757093482019 nan 483
1757093482155 nan 484
1757093482294 nan 485
1757093482438 nan 486
1757093482569 nan 487
1757093482699 nan 488
1757093482828 nan 489
1757093482963 nan 490
1757093483094 nan 491
1757093483264 nan 492
1757093483407 nan 493
1757093483548 nan 494
1757093483679 nan 495
1757093483832 nan 496
1757093483977 nan 497
1757093484115 nan 498
1757093484240 nan 499
