1757093722850 nan 0
1757093723005 nan 1
1757093723135 nan 2
1757093723315 nan 3
1757093723635 nan 4
1757093723937 nan 5
1757093724064 nan 6
1757093724239 nan 7
1757093724471 nan 8
1757093724633 nan 9
1757093724806 nan 10
1757093724972 nan 11
1757093725141 nan 12
1757093725328 nan 13
1757093725471 nan 14
1757093725629 nan 15
1757093725778 nan 16
1757093725918 nan 17
1757093726063 nan 18
1757093726227 nan 19
1757093726387 nan 20
1757093726519 nan 21
1757093726667 nan 22
1757093726803 nan 23
1757093726945 nan 24
1757093727085 nan 25
1757093727241 nan 26
1757093727380 nan 27
1757093727510 nan 28
1757093727648 nan 29
1757093727891 nan 30
1757093728022 nan 31
1757093728153 nan 32
1757093728305 nan 33
1757093728456 nan 34
1757093728598 nan 35
1757093728754 nan 36
1757093728902 nan 37
1757093729043 nan 38
1757093729182 nan 39
1757093729331 nan 40
1757093729463 nan 41
1757093729589 nan 42
1757093729721 nan 43
1757093729855 nan 44
1757093729992 nan 45
1757093730124 nan 46
1757093730264 nan 47
1757093730413 nan 48
1757093730665 nan 49
1757093730812 nan 50
1757093730954 nan 51
1757093731098 nan 52
1757093731236 nan 53
1757093731368 nan 54
1757093731528 nan 55
1757093731665 nan 56
1757093731794 nan 57
1757093731926 nan 58
1757093732052 nan 59
1757093732181 nan 60
1757093732313 nan 61
1757093732469 nan 62
1757093732602 nan 63
1757093732751 nan 64
1757093732890 nan 65
1757093733031 nan 66
1757093733171 nan 67
1757093733303 nan 68
1757093733448 nan 69
1757093733594 nan 70
1757093733730 nan 71
1757093733880 nan 72
1757093734048 nan 73
1757093734196 nan 74
1757093734332 nan 75
1757093734585 nan 76
1757093734722 nan 77
1757093734889 nan 78
1757093735072 nan 79
1757093735209 nan 80
1757093735338 nan 81
1757093735475 nan 82
1757093735609 nan 83
1757093735760 nan 84
1757093735889 nan 85
1757093736020 nan 86
1757093736161 nan 87
1757093736296 nan 88
1757093736425 nan 89
1757093736621 nan 90
1757093736776 nan 91
1757093736935 nan 92
1757093737077 nan 93
1757093737221 nan 94
1757093737358 nan 95
1757093737494 nan 96
1757093737635 nan 97
1757093737772 nan 98
1757093737898 nan 99
1757093738028 nan 100
1757093738163 nan 101
1757093738313 nan 102
1757093738462 nan 103
1757093738592 nan 104
1757093738721 nan 105
1757093738881 nan 106
1757093739021 nan 107
1757093739159 nan 108
1757093739310 nan 109
1757093739465 nan 110
1757093739632 nan 111
1757093739780 nan 112
1757093739918 nan 113
1757093740050 nan 114
1757093740187 nan 115
1757093740330 nan 116
1757093740527 nan 117
1757093740674 nan 118
1757093740821 nan 119
1757093740955 nan 120
1757093741090 nan 121
1757093741257 nan 122
1757093741429 nan 123
1757093741653 nan 124
1757093741787 nan 125
1757093741920 nan 126
1757093742056 nan 127
1757093742197 nan 128
1757093742346 nan 129
1757093742480 nan 130
1757093742631 nan 131
1757093742790 nan 132
1757093742926 nan 133
1757093743059 nan 134
1757093743194 nan 135
1757093743334 nan 136
1757093743482 nan 137
1757093743614 nan 138
1757093743751 nan 139
1757093743895 nan 140
1757093744035 nan 141
1757093744184 nan 142
1757093744317 nan 143
1757093744456 nan 144
1757093744591 nan 145
1757093744725 nan 146
1757093744856 nan 147
1757093745010 nan 148
1757093745422 nan 149
1757093745695 nan 150
1757093745847 nan 151
1757093746020 nan 152
1757093746198 nan 153
1757093746337 nan 154
1757093746481 nan 155
1757093746622 nan 156
1757093746777 nan 157
1757093746957 nan 158
1757093747122 nan 159
1757093747284 nan 160
1757093747428 nan 161
1757093747574 nan 162
1757093747723 nan 163
1757093747868 nan 164
1757093748007 nan 165
1757093748149 nan 166
1757093748283 nan 167
1757093748412 nan 168
1757093748549 nan 169
1757093748778 nan 170
1757093748929 nan 171
1757093749086 nan 172
1757093749232 nan 173
1757093749370 nan 174
1757093749493 nan 175
1757093749621 nan 176
1757093749761 nan 177
1757093749901 nan 178
1757093750040 nan 179
1757093750185 nan 180
1757093750345 nan 181
1757093750484 nan 182
1757093750622 nan 183
1757093750763 nan 184
1757093750899 nan 185
1757093751031 nan 186
1757093751173 nan 187
1757093751317 nan 188
1757093751459 nan 189
1757093751601 nan 190
1757093751745 nan 191
1757093751885 nan 192
1757093752021 nan 193
1757093752157 nan 194
1757093752293 nan 195
1757093752430 nan 196
1757093752566 nan 197
1757093752699 nan 198
1757093752847 nan 199
1757093752982 nan 200
1757093753124 nan 201
1757093753258 nan 202
1757093753388 nan 203
1757093753532 nan 204
1757093753676 nan 205
1757093753817 nan 206
1757093753950 nan 207
1757093754162 nan 208
1757093754311 nan 209
1757093754440 nan 210
1757093754569 nan 211
1757093754710 nan 212
1757093754850 nan 213
1757093754994 nan 214
1757093755132 nan 215
1757093755272 nan 216
1757093755414 nan 217
1757093755549 nan 218
1757093755690 nan 219
1757093755838 nan 220
1757093755976 nan 221
1757093756115 nan 222
1757093756254 nan 223
1757093756384 nan 224
1757093756536 nan 225
1757093756670 nan 226
1757093756800 nan 227
1757093756949 nan 228
1757093757093 nan 229
1757093757226 nan 230
1757093757360 nan 231
1757093757500 nan 232
1757093757641 nan 233
1757093757780 nan 234
1757093757908 nan 235
1757093758048 nan 236
1757093758191 nan 237
1757093758327 nan 238
1757093758463 nan 239
1757093758622 nan 240
1757093758759 nan 241
1757093758893 nan 242
1757093759096 nan 243
1757093759255 nan 244
1757093759386 nan 245
1757093759523 nan 246
1757093759661 nan 247
1757093759794 nan 248
1757093759936 nan 249
1757093760085 nan 250
1757093760226 nan 251
1757093760366 nan 252
1757093760497 nan 253
1757093760677 nan 254
1757093760841 nan 255
1757093760976 nan 256
1757093761115 nan 257
1757093761254 nan 258
1757093761387 nan 259
1757093761521 nan 260
1757093761655 nan 261
1757093761788 nan 262
1757093761920 nan 263
1757093762055 nan 264
1757093762182 nan 265
1757093762315 nan 266
1757093762478 nan 267
1757093762663 nan 268
1757093762816 nan 269
1757093762947 nan 270
1757093763077 nan 271
1757093763214 nan 272
1757093763353 nan 273
1757093763482 nan 274
1757093763619 nan 275
1757093763751 nan 276
1757093763885 nan 277
1757093764019 nan 278
1757093764152 nan 279
1757093764288 nan 280
1757093764424 nan 281
1757093764561 nan 282
1757093764708 nan 283
1757093764857 nan 284
1757093765071 nan 285
1757093765209 nan 286
1757093765350 nan 287
1757093765493 nan 288
1757093765630 nan 289
1757093765768 nan 290
1757093765906 nan 291
1757093766043 nan 292
1757093766192 nan 293
1757093766335 nan 294
1757093766471 nan 295
1757093766624 nan 296
1757093766813 nan 297
1757093766952 nan 298
1757093767085 nan 299
1757093767224 nan 300
1757093767365 nan 301
1757093767501 nan 302
1757093767634 nan 303
1757093767773 nan 304
1757093767925 nan 305
1757093768057 nan 306
1757093768205 nan 307
1757093768474 nan 308
1757093768643 nan 309
1757093768807 nan 310
1757093768959 nan 311
1757093769107 nan 312
1757093769251 nan 313
1757093769384 nan 314
1757093769522 nan 315
1757093769666 nan 316
1757093769796 nan 317
1757093769930 nan 318
1757093770076 nan 319
1757093770210 nan 320
1757093770343 nan 321
1757093770483 nan 322
1757093770631 nan 323
1757093770771 nan 324
1757093770930 nan 325
1757093771096 nan 326
1757093771246 nan 327
1757093771379 nan 328
1757093771518 nan 329
1757093771654 nan 330
1757093771787 nan 331
1757093771922 nan 332
1757093772090 nan 333
1757093772308 nan 334
1757093772467 nan 335
1757093772598 nan 336
1757093772748 nan 337
1757093772883 nan 338
1757093773012 nan 339
1757093773149 nan 340
1757093773291 nan 341
1757093773430 nan 342
1757093773559 nan 343
1757093773691 nan 344
1757093773825 nan 345
1757093773959 nan 346
1757093774093 nan 347
1757093774224 nan 348
1757093774357 nan 349
1757093774489 nan 350
1757093774621 nan 351
1757093774772 nan 352
1757093774913 nan 353
1757093775099 nan 354
1757093775248 nan 355
1757093775386 nan 356
1757093775550 nan 357
1757093775695 nan 358
1757093775827 nan 359
1757093775960 nan 360
1757093776089 nan 361
1757093776225 nan 362
1757093776459 nan 363
1757093776594 nan 364
1757093776726 nan 365
1757093776857 nan 366
1757093776987 nan 367
1757093777120 nan 368
1757093777240 nan 369
1757093777392 nan 370
1757093777528 nan 371
1757093777664 nan 372
1757093777812 nan 373
1757093777945 nan 374
1757093778082 nan 375
1757093778215 nan 376
1757093778420 nan 377
1757093778602 nan 378
1757093778761 nan 379
1757093778901 nan 380
1757093779030 nan 381
1757093779215 nan 382
1757093779413 nan 383
1757093779562 nan 384
1757093779690 nan 385
1757093779827 nan 386
1757093779960 nan 387
1757093780127 nan 388
1757093780289 nan 389
1757093780421 nan 390
1757093780557 nan 391
1757093780699 nan 392
1757093780826 nan 393
1757093780958 nan 394
1757093781088 nan 395
1757093781298 nan 396
1757093781448 nan 397
1757093781671 nan 398
1757093781843 nan 399
1757093782065 nan 400
1757093782222 nan 401
1757093782397 nan 402
1757093782644 nan 403
1757093782787 nan 404
1757093782915 nan 405
1757093783054 nan 406
1757093783241 nan 407
1757093783372 nan 408
1757093783502 nan 409
1757093783638 nan 410
1757093783767 nan 411
1757093783900 nan 412
1757093784029 nan 413
1757093784159 nan 414
1757093784289 nan 415
1757093784422 nan 416
1757093784552 nan 417
1757093784693 nan 418
1757093784823 nan 419
1757093784952 nan 420
1757093785085 nan 421
1757093785214 nan 422
1757093785347 nan 423
1757093785481 nan 424
1757093785678 nan 425
1757093785823 nan 426
1757093785997 nan 427
1757093786145 nan 428
1757093786364 nan 429
1757093786561 nan 430
1757093786709 nan 431
1757093786872 nan 432
1757093787007 nan 433
1757093787140 nan 434
1757093787273 nan 435
1757093787409 nan 436
1757093787546 nan 437
1757093787676 nan 438
1757093787824 nan 439
1757093787961 nan 440
1757093788094 nan 441
1757093788235 nan 442
1757093788387 nan 443
1757093788590 nan 444
1757093788740 nan 445
1757093788890 nan 446
1757093789043 nan 447
1757093789213 nan 448
1757093789354 nan 449
1757093789497 nan 450
1757093789640 nan 451
1757093789774 nan 452
1757093789913 nan 453
1757093790053 nan 454
1757093790194 nan 455
1757093790333 nan 456
1757093790477 nan 457
1757093790799 nan 458
1757093790945 nan 459
1757093791126 nan 460
1757093791320 nan 461
1757093791472 nan 462
1757093791638 nan 463
1757093791806 nan 464
1757093791968 nan 465
1757093792106 nan 466
1757093792287 nan 467
1757093792431 nan 468
1757093792588 nan 469
1757093792739 nan 470
1757093792873 nan 471
1757093793071 nan 472
1757093793257 nan 473
1757093793414 nan 474
1757093793560 nan 475
1757093793707 nan 476
1757093793843 nan 477
1757093794096 nan 478
1757093794266 nan 479
1757093794432 nan 480
1757093794585 nan 481
1757093794785 nan 482
1757093794931 nan 483
1757093795171 nan 484
1757093795349 nan 485
1757093795522 nan 486
1757093795672 nan 487
1757093795825 nan 488
1757093795969 nan 489
1757093796142 nan 490
1757093796289 nan 491
1757093796422 nan 492
1757093796560 nan 493
1757093796720 nan 494
1757093796864 nan 495
1757093797012 nan 496
1757093797148 nan 497
1757093797288 nan 498
1757093797476 nan 499
