1757093648358 nan 0
1757093648528 nan 1
1757093648891 nan 2
1757093649075 nan 3
1757093649326 nan 4
1757093649469 nan 5
1757093649632 nan 6
1757093650068 nan 7
1757093650370 nan 8
1757093650577 nan 9
1757093650879 nan 10
1757093651032 nan 11
1757093651180 nan 12
1757093651317 nan 13
1757093651456 nan 14
1757093651593 nan 15
1757093651721 nan 16
1757093651851 nan 17
1757093651984 nan 18
1757093652119 nan 19
1757093652255 nan 20
1757093652395 nan 21
1757093652531 nan 22
1757093652660 nan 23
1757093652786 nan 24
1757093652918 nan 25
1757093653125 nan 26
1757093653282 nan 27
1757093653424 nan 28
1757093653571 nan 29
1757093653719 nan 30
1757093653847 nan 31
1757093653981 nan 32
1757093654112 nan 33
1757093654243 nan 34
1757093654375 nan 35
1757093654504 nan 36
1757093654640 nan 37
1757093654791 nan 38
1757093654917 nan 39
1757093655048 nan 40
1757093655180 nan 41
1757093655312 nan 42
1757093655444 nan 43
1757093655579 nan 44
1757093655724 nan 45
1757093655859 nan 46
1757093655989 nan 47
1757093656120 nan 48
1757093656255 nan 49
1757093656387 nan 50
1757093656520 nan 51
1757093656660 nan 52
1757093656810 nan 53
1757093656954 nan 54
1757093657089 nan 55
1757093657218 nan 56
1757093657355 nan 57
1757093657482 nan 58
1757093657616 nan 59
1757093657746 nan 60
1757093657876 nan 61
1757093658016 nan 62
1757093658157 nan 63
1757093658288 nan 64
1757093658424 nan 65
1757093658564 nan 66
1757093658705 nan 67
1757093658840 nan 68
1757093659055 nan 69
1757093659203 nan 70
1757093659340 nan 71
1757093659481 nan 72
1757093659610 nan 73
1757093659765 nan 74
1757093659910 nan 75
1757093660055 nan 76
1757093660202 nan 77
1757093660341 nan 78
1757093660484 nan 79
1757093660630 nan 80
1757093660762 nan 81
1757093660892 nan 82
1757093661028 nan 83
1757093661174 nan 84
1757093661308 nan 85
1757093661440 nan 86
1757093661576 nan 87
1757093661740 nan 88
1757093661872 nan 89
1757093662008 nan 90
1757093662145 nan 91
1757093662297 nan 92
1757093662430 nan 93
1757093662564 nan 94
1757093662709 nan 95
1757093662849 nan 96
1757093662990 nan 97
1757093663131 nan 98
1757093663271 nan 99
1757093663407 nan 100
1757093663544 nan 101
1757093663685 nan 102
1757093663831 nan 103
1757093663968 nan 104
1757093664108 nan 105
1757093664258 nan 106
1757093664397 nan 107
1757093664533 nan 108
1757093664679 nan 109
1757093664823 nan 110
1757093664964 nan 111
1757093665102 nan 112
1757093665236 nan 113
1757093665375 nan 114
1757093665514 nan 115
1757093665646 nan 116
1757093665777 nan 117
1757093665912 nan 118
1757093666045 nan 119
1757093666180 nan 120
1757093666320 nan 121
1757093666471 nan 122
1757093666605 nan 123
1757093666773 nan 124
1757093666942 nan 125
1757093667082 nan 126
1757093667230 nan 127
1757093667495 nan 128
1757093667680 nan 129
1757093667828 nan 130
1757093667977 nan 131
1757093668118 nan 132
1757093668256 nan 133
1757093668407 nan 134
1757093668551 nan 135
1757093668687 nan 136
1757093668823 nan 137
1757093668990 nan 138
1757093669246 nan 139
1757093669402 nan 140
1757093669557 nan 141
1757093669710 nan 142
1757093669850 nan 143
1757093669994 nan 144
1757093670153 nan 145
1757093670288 nan 146
1757093670431 nan 147
1757093670570 nan 148
1757093670702 nan 149
1757093670877 nan 150
1757093671008 nan 151
1757093671153 nan 152
1757093671443 nan 153
1757093671594 nan 154
1757093671732 nan 155
1757093671867 nan 156
1757093672033 nan 157
1757093672183 nan 158
1757093672350 nan 159
1757093672493 nan 160
1757093672630 nan 161
1757093672769 nan 162
1757093672914 nan 163
1757093673050 nan 164
1757093673199 nan 165
1757093673345 nan 166
1757093673479 nan 167
1757093673632 nan 168
1757093673776 nan 169
1757093673907 nan 170
1757093674033 nan 171
1757093674177 nan 172
1757093674314 nan 173
1757093674449 nan 174
1757093674595 nan 175
1757093674730 nan 176
1757093674866 nan 177
1757093675004 nan 178
1757093675145 nan 179
1757093675275 nan 180
1757093675408 nan 181
1757093675544 nan 182
1757093675678 nan 183
1757093675807 nan 184
1757093675941 nan 185
1757093676162 nan 186
1757093676314 nan 187
1757093676454 nan 188
1757093676585 nan 189
1757093676725 nan 190
1757093676894 nan 191
1757093677033 nan 192
1757093677180 nan 193
1757093677337 nan 194
1757093677474 nan 195
1757093677616 nan 196
1757093677749 nan 197
1757093677987 nan 198
1757093678117 nan 199
1757093678252 nan 200
1757093678397 nan 201
1757093678536 nan 202
1757093678680 nan 203
1757093678807 nan 204
1757093678942 nan 205
1757093679081 nan 206
1757093679222 nan 207
1757093679358 nan 208
1757093679513 nan 209
1757093679663 nan 210
1757093679803 nan 211
1757093679959 nan 212
1757093680104 nan 213
1757093680251 nan 214
1757093680409 nan 215
1757093680586 nan 216
1757093680723 nan 217
1757093680853 nan 218
1757093680997 nan 219
1757093681145 nan 220
1757093681281 nan 221
1757093681410 nan 222
1757093681566 nan 223
1757093681700 nan 224
1757093681835 nan 225
1757093681981 nan 226
1757093682129 nan 227
1757093682279 nan 228
1757093682419 nan 229
1757093682587 nan 230
1757093682709 nan 231
1757093682840 nan 232
1757093682976 nan 233
1757093683135 nan 234
1757093683267 nan 235
1757093683397 nan 236
1757093683534 nan 237
1757093683680 nan 238
1757093683815 nan 239
1757093683947 nan 240
1757093684099 nan 241
1757093684246 nan 242
1757093684462 nan 243
1757093684614 nan 244
1757093684779 nan 245
1757093684912 nan 246
1757093685053 nan 247
1757093685195 nan 248
1757093685325 nan 249
1757093685462 nan 250
1757093685615 nan 251
1757093685775 nan 252
1757093685918 nan 253
1757093686051 nan 254
1757093686209 nan 255
1757093686350 nan 256
1757093686481 nan 257
1757093686619 nan 258
1757093686776 nan 259
1757093686906 nan 260
1757093687040 nan 261
1757093687173 nan 262
1757093687326 nan 263
1757093687460 nan 264
1757093687606 nan 265
1757093687745 nan 266
1757093687891 nan 267
1757093688021 nan 268
1757093688157 nan 269
1757093688316 nan 270
1757093688456 nan 271
1757093688601 nan 272
1757093688731 nan 273
1757093688933 nan 274
1757093689075 nan 275
1757093689205 nan 276
1757093689338 nan 277
1757093689475 nan 278
1757093689612 nan 279
1757093689746 nan 280
1757093689897 nan 281
1757093690040 nan 282
1757093690177 nan 283
1757093690317 nan 284
1757093690457 nan 285
1757093690591 nan 286
1757093690729 nan 287
1757093690871 nan 288
1757093691009 nan 289
1757093691144 nan 290
1757093691280 nan 291
1757093691420 nan 292
1757093691560 nan 293
1757093691699 nan 294
1757093691834 nan 295
1757093691975 nan 296
1757093692112 nan 297
1757093692259 nan 298
1757093692397 nan 299
1757093692551 nan 300
1757093692706 nan 301
1757093692998 nan 302
1757093693148 nan 303
1757093693286 nan 304
1757093693431 nan 305
1757093693576 nan 306
1757093693715 nan 307
1757093693858 nan 308
1757093694023 nan 309
1757093694162 nan 310
1757093694293 nan 311
1757093694429 nan 312
1757093694578 nan 313
1757093694715 nan 314
1757093694846 nan 315
1757093694987 nan 316
1757093695135 nan 317
1757093695264 nan 318
1757093695408 nan 319
1757093695571 nan 320
1757093695721 nan 321
1757093695866 nan 322
1757093696001 nan 323
1757093696150 nan 324
1757093696503 nan 325
1757093696827 nan 326
1757093697000 nan 327
1757093697194 nan 328
1757093697368 nan 329
1757093697550 nan 330
1757093697716 nan 331
1757093697852 nan 332
1757093697988 nan 333
1757093698133 nan 334
1757093698279 nan 335
1757093698447 nan 336
1757093698592 nan 337
1757093698815 nan 338
1757093699001 nan 339
1757093699150 nan 340
1757093699302 nan 341
1757093699440 nan 342
1757093699572 nan 343
1757093699701 nan 344
1757093699836 nan 345
1757093699969 nan 346
1757093700111 nan 347
1757093700253 nan 348
1757093700397 nan 349
1757093700537 nan 350
1757093700672 nan 351
1757093700812 nan 352
1757093700964 nan 353
1757093701114 nan 354
1757093701259 nan 355
1757093701412 nan 356
1757093701560 nan 357
1757093701697 nan 358
1757093701889 nan 359
1757093702034 nan 360
1757093702168 nan 361
1757093702308 nan 362
1757093702450 nan 363
1757093702603 nan 364
1757093702814 nan 365
1757093703015 nan 366
1757093703153 nan 367
1757093703320 nan 368
1757093703462 nan 369
1757093703615 nan 370
1757093703758 nan 371
1757093703914 nan 372
1757093704044 nan 373
1757093704190 nan 374
1757093704334 nan 375
1757093704474 nan 376
1757093704634 nan 377
1757093704762 nan 378
1757093704901 nan 379
1757093705055 nan 380
1757093705202 nan 381
1757093705342 nan 382
1757093705482 nan 383
1757093705614 nan 384
1757093705749 nan 385
1757093705890 nan 386
1757093706025 nan 387
1757093706160 nan 388
1757093706314 nan 389
1757093706465 nan 390
1757093706612 nan 391
1757093706750 nan 392
1757093706889 nan 393
1757093707026 nan 394
1757093707180 nan 395
1757093707329 nan 396
1757093707469 nan 397
1757093707626 nan 398
1757093707768 nan 399
1757093707904 nan 400
1757093708044 nan 401
1757093708203 nan 402
1757093708356 nan 403
1757093708496 nan 404
1757093708645 nan 405
1757093708805 nan 406
1757093708962 nan 407
1757093709099 nan 408
1757093709235 nan 409
1757093709372 nan 410
1757093709505 nan 411
1757093709661 nan 412
1757093709804 nan 413
1757093709947 nan 414
1757093710089 nan 415
1757093710229 nan 416
1757093710369 nan 417
1757093710612 nan 418
1757093710770 nan 419
1757093710937 nan 420
1757093711096 nan 421
1757093711232 nan 422
1757093711366 nan 423
1757093711498 nan 424
1757093711643 nan 425
1757093711792 nan 426
1757093711936 nan 427
1757093712076 nan 428
1757093712212 nan 429
1757093712345 nan 430
1757093712482 nan 431
1757093712626 nan 432
1757093712767 nan 433
1757093712913 nan 434
1757093713045 nan 435
1757093713203 nan 436
1757093713346 nan 437
1757093713486 nan 438
1757093713627 nan 439
1757093713780 nan 440
1757093713925 nan 441
1757093714071 nan 442
1757093714218 nan 443
1757093714364 nan 444
1757093714507 nan 445
1757093714652 nan 446
1757093714791 nan 447
1757093714933 nan 448
1757093715075 nan 449
1757093715226 nan 450
1757093715364 nan 451
1757093715514 nan 452
1757093715660 nan 453
1757093715793 nan 454
1757093715936 nan 455
1757093716101 nan 456
1757093716242 nan 457
1757093716376 nan 458
1757093716517 nan 459
1757093716663 nan 460
1757093716799 nan 461
1757093716929 nan 462
1757093717074 nan 463
1757093717218 nan 464
1757093717349 nan 465
1757093717481 nan 466
1757093717615 nan 467
1757093717747 nan 468
1757093717879 nan 469
1757093718021 nan 470
1757093718176 nan 471
1757093718319 nan 472
1757093718461 nan 473
1757093718606 nan 474
1757093718743 nan 475
1757093718880 nan 476
1757093719027 nan 477
1757093719296 nan 478
1757093719445 nan 479
1757093719591 nan 480
1757093719732 nan 481
1757093719879 nan 482
1757093720013 nan 483
1757093720174 nan 484
1757093720310 nan 485
1757093720448 nan 486
1757093720585 nan 487
1757093720726 nan 488
1757093720871 nan 489
1757093721017 nan 490
1757093721160 nan 491
1757093721302 nan 492
1757093721444 nan 493
1757093721592 nan 494
1757093721744 nan 495
1757093721879 nan 496
1757093722018 nan 497
1757093722173 nan 498
1757093722304 nan 499
