1757092718766 nan 0
1757092718922 nan 1
1757092719086 nan 2
1757092719224 nan 3
1757092719397 nan 4
1757092719551 nan 5
1757092719691 nan 6
1757092719828 nan 7
1757092719957 nan 8
1757092720092 nan 9
1757092720223 nan 10
1757092720354 nan 11
1757092720482 nan 12
1757092720603 nan 13
1757092720732 nan 14
1757092720868 nan 15
1757092720996 nan 16
1757092721281 nan 17
1757092721605 nan 18
1757092721786 nan 19
1757092721977 nan 20
1757092722165 nan 21
1757092722344 nan 22
1757092722514 nan 23
1757092724031 nan 24
1757092724172 nan 25
1757092724305 nan 26
1757092724436 nan 27
1757092724571 nan 28
1757092724766 nan 29
1757092724905 nan 30
1757092725041 nan 31
1757092725178 nan 32
1757092725322 nan 33
1757092725444 nan 34
1757092725571 nan 35
1757092725691 nan 36
1757092725825 nan 37
1757092725951 nan 38
1757092726084 nan 39
1757092726205 nan 40
1757092726341 nan 41
1757092726472 nan 42
1757092726597 nan 43
1757092726721 nan 44
1757092726857 nan 45
1757092726992 nan 46
1757092727120 nan 47
1757092727249 nan 48
1757092727376 nan 49
1757092727506 nan 50
1757092727639 nan 51
1757092727772 nan 52
1757092727904 nan 53
1757092728034 nan 54
1757092728164 nan 55
1757092728318 nan 56
1757092728457 nan 57
1757092728600 nan 58
1757092728727 nan 59
1757092728855 nan 60
1757092728987 nan 61
1757092729120 nan 62
1757092729245 nan 63
1757092729372 nan 64
1757092729505 nan 65
1757092729638 nan 66
1757092729773 nan 67
1757092729902 nan 68
1757092730030 nan 69
1757092730155 nan 70
1757092730278 nan 71
1757092730404 nan 72
1757092730531 nan 73
1757092730723 nan 74
1757092730852 nan 75
1757092730980 nan 76
1757092731110 nan 77
1757092731237 nan 78
1757092731368 nan 79
1757092731497 nan 80
1757092731649 nan 81
1757092731811 nan 82
1757092731952 nan 83
1757092732084 nan 84
1757092732220 nan 85
1757092732351 nan 86
1757092732485 nan 87
1757092732618 nan 88
1757092732751 nan 89
1757092732884 nan 90
1757092733017 nan 91
1757092733146 nan 92
1757092733274 nan 93
1757092733407 nan 94
1757092733547 nan 95
1757092733676 nan 96
1757092733805 nan 97
1757092733941 nan 98
1757092734070 nan 99
1757092734198 nan 100
1757092734323 nan 101
1757092734461 nan 102
1757092734591 nan 103
1757092734714 nan 104
1757092734840 nan 105
1757092734968 nan 106
1757092735092 nan 107
1757092735226 nan 108
1757092735364 nan 109
1757092735487 nan 110
1757092735615 nan 111
1757092735739 nan 112
1757092735870 nan 113
1757092736001 nan 114
1757092736121 nan 115
1757092736243 nan 116
1757092736372 nan 117
1757092736512 nan 118
1757092736638 nan 119
1757092736762 nan 120
1757092736887 nan 121
1757092737027 nan 122
1757092737159 nan 123
1757092737280 nan 124
1757092737403 nan 125
1757092737537 nan 126
1757092737672 nan 127
1757092737798 nan 128
1757092737922 nan 129
1757092738077 nan 130
1757092738222 nan 131
1757092738345 nan 132
1757092738587 nan 133
1757092738716 nan 134
1757092738840 nan 135
1757092738967 nan 136
1757092739091 nan 137
1757092739220 nan 138
1757092739345 nan 139
1757092739487 nan 140
1757092739612 nan 141
1757092739740 nan 142
1757092739891 nan 143
1757092740013 nan 144
1757092740146 nan 145
1757092740277 nan 146
1757092740398 nan 147
1757092740524 nan 148
1757092740660 nan 149
1757092740782 nan 150
1757092740906 nan 151
1757092741039 nan 152
1757092741164 nan 153
1757092741294 nan 154
1757092741424 nan 155
1757092741554 nan 156
1757092741679 nan 157
1757092741807 nan 158
1757092741934 nan 159
1757092742061 nan 160
1757092742189 nan 161
1757092742315 nan 162
1757092742444 nan 163
1757092742567 nan 164
1757092742684 nan 165
1757092742809 nan 166
1757092742938 nan 167
1757092743066 nan 168
1757092743210 nan 169
1757092743338 nan 170
1757092743463 nan 171
1757092743591 nan 172
1757092743723 nan 173
1757092743847 nan 174
1757092743971 nan 175
1757092744094 nan 176
1757092744227 nan 177
1757092744353 nan 178
1757092744475 nan 179
1757092744602 nan 180
1757092744732 nan 181
1757092744853 nan 182
1757092744980 nan 183
1757092745107 nan 184
1757092745239 nan 185
1757092745364 nan 186
1757092745492 nan 187
1757092745627 nan 188
1757092745753 nan 189
1757092745876 nan 190
1757092746058 nan 191
1757092746187 nan 192
1757092746320 nan 193
1757092746445 nan 194
1757092746569 nan 195
1757092746696 nan 196
1757092746824 nan 197
1757092746957 nan 198
1757092747087 nan 199
1757092747216 nan 200
1757092747363 nan 201
1757092747485 nan 202
1757092747609 nan 203
1757092747749 nan 204
1757092747874 nan 205
1757092748004 nan 206
1757092748129 nan 207
1757092748255 nan 208
1757092748382 nan 209
1757092748508 nan 210
1757092748632 nan 211
1757092748757 nan 212
1757092748892 nan 213
1757092749022 nan 214
1757092749157 nan 215
1757092749286 nan 216
1757092749419 nan 217
1757092749553 nan 218
1757092749686 nan 219
1757092749816 nan 220
1757092749942 nan 221
1757092750076 nan 222
1757092750204 nan 223
1757092750332 nan 224
1757092750461 nan 225
1757092750589 nan 226
1757092750727 nan 227
1757092750856 nan 228
1757092750987 nan 229
1757092751121 nan 230
1757092751251 nan 231
1757092751379 nan 232
1757092751512 nan 233
1757092751636 nan 234
1757092751761 nan 235
1757092751888 nan 236
1757092752010 nan 237
1757092752137 nan 238
1757092752267 nan 239
1757092752392 nan 240
1757092752519 nan 241
1757092752646 nan 242
1757092752781 nan 243
1757092752914 nan 244
1757092753040 nan 245
1757092753169 nan 246
1757092753302 nan 247
1757092753424 nan 248
1757092753549 nan 249
1757092753755 nan 250
1757092753894 nan 251
1757092754022 nan 252
1757092754156 nan 253
1757092754286 nan 254
1757092754413 nan 255
1757092754545 nan 256
1757092754672 nan 257
1757092754822 nan 258
1757092754955 nan 259
1757092755109 nan 260
1757092755240 nan 261
1757092755392 nan 262
1757092755517 nan 263
1757092755653 nan 264
1757092755785 nan 265
1757092755921 nan 266
1757092756053 nan 267
1757092756189 nan 268
1757092756317 nan 269
1757092756457 nan 270
1757092756602 nan 271
1757092756742 nan 272
1757092756872 nan 273
1757092757000 nan 274
1757092757134 nan 275
1757092757269 nan 276
1757092757406 nan 277
1757092757528 nan 278
1757092757656 nan 279
1757092757796 nan 280
1757092757930 nan 281
1757092758064 nan 282
1757092758193 nan 283
1757092758315 nan 284
1757092758445 nan 285
1757092758577 nan 286
1757092758708 nan 287
1757092758841 nan 288
1757092758971 nan 289
1757092759106 nan 290
1757092759237 nan 291
1757092759376 nan 292
1757092759523 nan 293
1757092759668 nan 294
1757092759798 nan 295
1757092759924 nan 296
1757092760049 nan 297
1757092760179 nan 298
1757092760305 nan 299
1757092760433 nan 300
1757092760565 nan 301
1757092760694 nan 302
1757092760826 nan 303
1757092760955 nan 304
1757092761085 nan 305
1757092761215 nan 306
1757092761343 nan 307
1757092761474 nan 308
1757092761693 nan 309
1757092761823 nan 310
1757092761952 nan 311
1757092762084 nan 312
1757092762244 nan 313
1757092762364 nan 314
1757092762494 nan 315
1757092762705 nan 316
1757092762906 nan 317
1757092763046 nan 318
1757092763178 nan 319
1757092763307 nan 320
1757092763451 nan 321
1757092763583 nan 322
1757092763707 nan 323
1757092763836 nan 324
1757092763980 nan 325
1757092764106 nan 326
1757092764245 nan 327
1757092764385 nan 328
1757092764516 nan 329
1757092764645 nan 330
1757092764775 nan 331
1757092764908 nan 332
1757092765040 nan 333
1757092765168 nan 334
1757092765299 nan 335
1757092765432 nan 336
1757092765574 nan 337
1757092765717 nan 338
1757092765856 nan 339
1757092765989 nan 340
1757092766117 nan 341
1757092766257 nan 342
1757092766397 nan 343
1757092766525 nan 344
1757092766656 nan 345
1757092766796 nan 346
1757092766964 nan 347
1757092767118 nan 348
1757092767250 nan 349
1757092767378 nan 350
1757092767528 nan 351
1757092767660 nan 352
1757092767792 nan 353
1757092767921 nan 354
1757092768051 nan 355
1757092768177 nan 356
1757092768305 nan 357
1757092768440 nan 358
1757092768570 nan 359
1757092768700 nan 360
1757092768832 nan 361
1757092768963 nan 362
1757092769157 nan 363
1757092769292 nan 364
1757092769438 nan 365
1757092769575 nan 366
1757092769698 nan 367
1757092769911 nan 368
1757092770048 nan 369
1757092770193 nan 370
1757092770322 nan 371
1757092770457 nan 372
1757092770598 nan 373
1757092770730 nan 374
1757092770866 nan 375
1757092770993 nan 376
1757092771136 nan 377
1757092771284 nan 378
1757092771489 nan 379
1757092771667 nan 380
1757092771825 nan 381
1757092771975 nan 382
1757092772111 nan 383
1757092772250 nan 384
1757092772388 nan 385
1757092772528 nan 386
1757092772664 nan 387
1757092772803 nan 388
1757092772932 nan 389
1757092773062 nan 390
1757092773190 nan 391
1757092773319 nan 392
1757092773456 nan 393
1757092773584 nan 394
1757092773732 nan 395
1757092773863 nan 396
1757092774002 nan 397
1757092774134 nan 398
1757092774266 nan 399
1757092774395 nan 400
1757092774523 nan 401
1757092774658 nan 402
1757092774788 nan 403
1757092774920 nan 404
1757092775045 nan 405
1757092775174 nan 406
1757092775303 nan 407
1757092775433 nan 408
1757092775568 nan 409
1757092775713 nan 410
1757092775861 nan 411
1757092775992 nan 412
1757092776127 nan 413
1757092776262 nan 414
1757092776403 nan 415
1757092776529 nan 416
1757092776659 nan 417
1757092776797 nan 418
1757092776922 nan 419
1757092777058 nan 420
1757092777192 nan 421
1757092777323 nan 422
1757092777465 nan 423
1757092777591 nan 424
1757092777763 nan 425
1757092777904 nan 426
1757092778030 nan 427
1757092778152 nan 428
1757092778274 nan 429
1757092778401 nan 430
1757092778521 nan 431
1757092778647 nan 432
1757092778778 nan 433
1757092778911 nan 434
1757092779043 nan 435
1757092779167 nan 436
1757092779292 nan 437
1757092779418 nan 438
1757092779569 nan 439
1757092779715 nan 440
1757092779845 nan 441
1757092779974 nan 442
1757092780098 nan 443
1757092780225 nan 444
1757092780350 nan 445
1757092780486 nan 446
1757092780619 nan 447
1757092780748 nan 448
1757092780885 nan 449
1757092781011 nan 450
1757092781141 nan 451
1757092781267 nan 452
1757092781394 nan 453
1757092781521 nan 454
1757092781655 nan 455
1757092781783 nan 456
1757092781908 nan 457
1757092782034 nan 458
1757092782160 nan 459
1757092782291 nan 460
1757092782416 nan 461
1757092782537 nan 462
1757092782667 nan 463
1757092782795 nan 464
1757092782926 nan 465
1757092783073 nan 466
1757092783340 nan 467
1757092783475 nan 468
1757092783634 nan 469
1757092783766 nan 470
1757092783901 nan 471
1757092784035 nan 472
1757092784165 nan 473
1757092784315 nan 474
1757092784445 nan 475
1757092784573 nan 476
1757092784704 nan 477
1757092784831 nan 478
1757092784958 nan 479
1757092785095 nan 480
1757092785232 nan 481
1757092785358 nan 482
1757092785541 nan 483
1757092785698 nan 484
1757092785824 nan 485
1757092785950 nan 486
1757092786083 nan 487
1757092786209 nan 488
1757092786333 nan 489
1757092786476 nan 490
1757092786616 nan 491
1757092786768 nan 492
1757092786916 nan 493
1757092787060 nan 494
1757092787198 nan 495
1757092787324 nan 496
1757092787458 nan 497
1757092787607 nan 498
1757092787747 nan 499
