1757093252274 nan 0
1757093252417 nan 1
1757093252574 nan 2
1757093252818 nan 3
1757093252976 nan 4
1757093253120 nan 5
1757093253302 nan 6
1757093253467 nan 7
1757093253677 nan 8
1757093253859 nan 9
1757093254016 nan 10
1757093254168 nan 11
1757093254296 nan 12
1757093254433 nan 13
1757093254576 nan 14
1757093254716 nan 15
1757093254844 nan 16
1757093254992 nan 17
1757093255131 nan 18
1757093255292 nan 19
1757093255433 nan 20
1757093255593 nan 21
1757093255794 nan 22
1757093255943 nan 23
1757093256094 nan 24
1757093256253 nan 25
1757093256411 nan 26
1757093256549 nan 27
1757093256685 nan 28
1757093256831 nan 29
1757093256970 nan 30
1757093257111 nan 31
1757093257252 nan 32
1757093257386 nan 33
1757093257522 nan 34
1757093257677 nan 35
1757093257852 nan 36
1757093258006 nan 37
1757093258149 nan 38
1757093258303 nan 39
1757093258447 nan 40
1757093258605 nan 41
1757093258825 nan 42
1757093258960 nan 43
1757093259107 nan 44
1757093259249 nan 45
1757093259387 nan 46
1757093259550 nan 47
1757093259765 nan 48
1757093259918 nan 49
1757093260071 nan 50
1757093260268 nan 51
1757093260430 nan 52
1757093260562 nan 53
1757093260698 nan 54
1757093260832 nan 55
1757093260966 nan 56
1757093261097 nan 57
1757093261238 nan 58
1757093261380 nan 59
1757093261515 nan 60
1757093261650 nan 61
1757093261819 nan 62
1757093261957 nan 63
1757093262088 nan 64
1757093262223 nan 65
1757093262367 nan 66
1757093262496 nan 67
1757093262625 nan 68
1757093262757 nan 69
1757093262883 nan 70
1757093263031 nan 71
1757093263164 nan 72
1757093263301 nan 73
1757093263430 nan 74
1757093263557 nan 75
1757093263694 nan 76
1757093263835 nan 77
1757093263975 nan 78
1757093264104 nan 79
1757093264236 nan 80
1757093264370 nan 81
1757093264504 nan 82
1757093264635 nan 83
1757093264759 nan 84
1757093264893 nan 85
1757093265078 nan 86
1757093265209 nan 87
1757093265348 nan 88
1757093265481 nan 89
1757093265608 nan 90
1757093265750 nan 91
1757093265901 nan 92
1757093266044 nan 93
1757093266183 nan 94
1757093266313 nan 95
1757093266450 nan 96
1757093266590 nan 97
1757093266742 nan 98
1757093266887 nan 99
1757093267015 nan 100
1757093267219 nan 101
1757093267356 nan 102
1757093267597 nan 103
1757093267749 nan 104
1757093267884 nan 105
1757093268032 nan 106
1757093268186 nan 107
1757093268313 nan 108
1757093268451 nan 109
1757093268609 nan 110
1757093268763 nan 111
1757093268900 nan 112
1757093269035 nan 113
1757093269172 nan 114
1757093269309 nan 115
1757093269445 nan 116
1757093269622 nan 117
1757093269783 nan 118
1757093269924 nan 119
1757093270058 nan 120
1757093270206 nan 121
1757093270345 nan 122
1757093270477 nan 123
1757093270621 nan 124
1757093270765 nan 125
1757093270916 nan 126
1757093271056 nan 127
1757093271332 nan 128
1757093271505 nan 129
1757093271646 nan 130
1757093271787 nan 131
1757093271921 nan 132
1757093272062 nan 133
1757093272222 nan 134
1757093272366 nan 135
1757093272501 nan 136
1757093272639 nan 137
1757093272791 nan 138
1757093272952 nan 139
1757093273088 nan 140
1757093273233 nan 141
1757093273369 nan 142
1757093273506 nan 143
1757093273640 nan 144
1757093273770 nan 145
1757093273907 nan 146
1757093274053 nan 147
1757093274192 nan 148
1757093274325 nan 149
1757093274465 nan 150
1757093274600 nan 151
1757093274731 nan 152
1757093274861 nan 153
1757093274993 nan 154
1757093275124 nan 155
1757093275259 nan 156
1757093275394 nan 157
1757093275529 nan 158
1757093275665 nan 159
1757093275804 nan 160
1757093275948 nan 161
1757093276190 nan 162
1757093276329 nan 163
1757093276473 nan 164
1757093276627 nan 165
1757093276768 nan 166
1757093276904 nan 167
1757093277043 nan 168
1757093277179 nan 169
1757093277321 nan 170
1757093277465 nan 171
1757093277603 nan 172
1757093277742 nan 173
1757093277877 nan 174
1757093278015 nan 175
1757093278164 nan 176
1757093278306 nan 177
1757093278445 nan 178
1757093278604 nan 179
1757093278752 nan 180
1757093278883 nan 181
1757093279029 nan 182
1757093279171 nan 183
1757093279309 nan 184
1757093279446 nan 185
1757093279715 nan 186
1757093279871 nan 187
1757093280023 nan 188
1757093280180 nan 189
1757093280328 nan 190
1757093280469 nan 191
1757093280637 nan 192
1757093280842 nan 193
1757093280997 nan 194
1757093281294 nan 195
1757093281461 nan 196
1757093281647 nan 197
1757093281955 nan 198
1757093282134 nan 199
1757093282282 nan 200
1757093282416 nan 201
1757093282562 nan 202
1757093282703 nan 203
1757093282859 nan 204
1757093283004 nan 205
1757093283151 nan 206
1757093283289 nan 207
1757093283428 nan 208
1757093283614 nan 209
1757093283827 nan 210
1757093283984 nan 211
1757093284132 nan 212
1757093284290 nan 213
1757093284438 nan 214
1757093284573 nan 215
1757093284721 nan 216
1757093284892 nan 217
1757093285038 nan 218
1757093285178 nan 219
1757093285326 nan 220
1757093285472 nan 221
1757093285607 nan 222
1757093285737 nan 223
1757093285863 nan 224
1757093285993 nan 225
1757093286133 nan 226
1757093286270 nan 227
1757093286405 nan 228
1757093286542 nan 229
1757093286693 nan 230
1757093286830 nan 231
1757093286964 nan 232
1757093287099 nan 233
1757093287227 nan 234
1757093287354 nan 235
1757093287483 nan 236
1757093287611 nan 237
1757093287741 nan 238
1757093287869 nan 239
1757093288001 nan 240
1757093288129 nan 241
1757093288259 nan 242
1757093288390 nan 243
1757093288516 nan 244
1757093288659 nan 245
1757093288788 nan 246
1757093288920 nan 247
1757093289060 nan 248
1757093289186 nan 249
1757093289319 nan 250
1757093289450 nan 251
1757093289580 nan 252
1757093289715 nan 253
1757093289844 nan 254
1757093289974 nan 255
1757093290171 nan 256
1757093290310 nan 257
1757093290438 nan 258
1757093290567 nan 259
1757093290694 nan 260
1757093290836 nan 261
1757093290962 nan 262
1757093291099 nan 263
1757093291231 nan 264
1757093291362 nan 265
1757093291495 nan 266
1757093291625 nan 267
1757093291754 nan 268
1757093291888 nan 269
1757093292028 nan 270
1757093292155 nan 271
1757093292303 nan 272
1757093292443 nan 273
1757093292577 nan 274
1757093292713 nan 275
1757093292854 nan 276
1757093292987 nan 277
1757093293135 nan 278
1757093293263 nan 279
1757093293399 nan 280
1757093293528 nan 281
1757093293658 nan 282
1757093293796 nan 283
1757093293935 nan 284
1757093294071 nan 285
1757093294217 nan 286
1757093294349 nan 287
1757093294483 nan 288
1757093294617 nan 289
1757093294761 nan 290
1757093294894 nan 291
1757093295029 nan 292
1757093295165 nan 293
1757093295290 nan 294
1757093295421 nan 295
1757093295560 nan 296
1757093295710 nan 297
1757093295844 nan 298
1757093295984 nan 299
1757093296115 nan 300
1757093296256 nan 301
1757093296391 nan 302
1757093296525 nan 303
1757093296662 nan 304
1757093296800 nan 305
1757093296931 nan 306
1757093297078 nan 307
1757093297214 nan 308
1757093297406 nan 309
1757093297561 nan 310
1757093297764 nan 311
1757093297994 nan 312
1757093298176 nan 313
1757093298318 nan 314
1757093298469 nan 315
1757093298613 nan 316
1757093298773 nan 317
1757093299114 nan 318
1757093299316 nan 319
1757093299613 nan 320
1757093299768 nan 321
1757093299953 nan 322
1757093300119 nan 323
1757093300256 nan 324
1757093300397 nan 325
1757093300543 nan 326
1757093300701 nan 327
1757093300860 nan 328
1757093301008 nan 329
1757093301149 nan 330
1757093301285 nan 331
1757093301421 nan 332
1757093301588 nan 333
1757093301742 nan 334
1757093301877 nan 335
1757093302009 nan 336
1757093302171 nan 337
1757093302319 nan 338
1757093302449 nan 339
1757093302585 nan 340
1757093302722 nan 341
1757093302853 nan 342
1757093302992 nan 343
1757093303128 nan 344
1757093303258 nan 345
1757093303389 nan 346
1757093303521 nan 347
1757093303677 nan 348
1757093303829 nan 349
1757093303964 nan 350
1757093304118 nan 351
1757093304252 nan 352
1757093304401 nan 353
1757093304533 nan 354
1757093304663 nan 355
1757093304795 nan 356
1757093304940 nan 357
1757093305074 nan 358
1757093305220 nan 359
1757093305363 nan 360
1757093305492 nan 361
1757093305620 nan 362
1757093305773 nan 363
1757093305909 nan 364
1757093306042 nan 365
1757093306180 nan 366
1757093306316 nan 367
1757093306487 nan 368
1757093306633 nan 369
1757093306776 nan 370
1757093306911 nan 371
1757093307041 nan 372
1757093307170 nan 373
1757093307298 nan 374
1757093307427 nan 375
1757093307563 nan 376
1757093307699 nan 377
1757093307850 nan 378
1757093308110 nan 379
1757093308255 nan 380
1757093308410 nan 381
1757093308545 nan 382
1757093308676 nan 383
1757093308817 nan 384
1757093308953 nan 385
1757093309094 nan 386
1757093309234 nan 387
1757093309368 nan 388
1757093309534 nan 389
1757093309683 nan 390
1757093309845 nan 391
1757093309991 nan 392
1757093310127 nan 393
1757093310261 nan 394
1757093310419 nan 395
1757093310567 nan 396
1757093310712 nan 397
1757093310852 nan 398
1757093310988 nan 399
1757093311128 nan 400
1757093311276 nan 401
1757093311422 nan 402
1757093311551 nan 403
1757093311683 nan 404
1757093311820 nan 405
1757093311970 nan 406
1757093312123 nan 407
1757093312248 nan 408
1757093312382 nan 409
1757093312522 nan 410
1757093312659 nan 411
1757093312792 nan 412
1757093312928 nan 413
1757093313067 nan 414
1757093313204 nan 415
1757093313339 nan 416
1757093313481 nan 417
1757093313624 nan 418
1757093313772 nan 419
1757093313905 nan 420
1757093314055 nan 421
1757093314193 nan 422
1757093314324 nan 423
1757093314453 nan 424
1757093314598 nan 425
1757093314732 nan 426
1757093314865 nan 427
1757093315009 nan 428
1757093315152 nan 429
1757093315291 nan 430
1757093315425 nan 431
1757093315555 nan 432
1757093315686 nan 433
1757093315815 nan 434
1757093315941 nan 435
1757093316072 nan 436
1757093316201 nan 437
1757093316329 nan 438
1757093316463 nan 439
1757093316600 nan 440
1757093316734 nan 441
1757093316868 nan 442
1757093317001 nan 443
1757093317239 nan 444
1757093317376 nan 445
1757093317503 nan 446
1757093317637 nan 447
1757093317767 nan 448
1757093317894 nan 449
1757093318022 nan 450
1757093318158 nan 451
1757093318293 nan 452
1757093318423 nan 453
1757093318547 nan 454
1757093318672 nan 455
1757093318799 nan 456
1757093318927 nan 457
1757093319064 nan 458
1757093319203 nan 459
1757093319346 nan 460
1757093319495 nan 461
1757093319649 nan 462
1757093319793 nan 463
1757093319926 nan 464
1757093320068 nan 465
1757093320220 nan 466
1757093320352 nan 467
1757093320483 nan 468
1757093320616 nan 469
1757093320748 nan 470
1757093320875 nan 471
1757093321013 nan 472
1757093321144 nan 473
1757093321302 nan 474
1757093321437 nan 475
1757093321591 nan 476
1757093321742 nan 477
1757093321897 nan 478
1757093322042 nan 479
1757093322181 nan 480
1757093322328 nan 481
1757093322458 nan 482
1757093322601 nan 483
1757093322738 nan 484
1757093322874 nan 485
1757093323007 nan 486
1757093323147 nan 487
1757093323299 nan 488
1757093323438 nan 489
1757093323576 nan 490
1757093323722 nan 491
1757093323855 nan 492
1757093323991 nan 493
1757093324125 nan 494
1757093324259 nan 495
1757093324423 nan 496
1757093324578 nan 497
1757093324718 nan 498
1757093324862 nan 499
