1757091608923 29469.174757281555 0
1757091609055 23207.463391545272 1
1757091609184 18893.600489369022 2
1757091609298 15688.479025776804 3
1757091609413 13218.359641511563 4
1757091609535 11280.552357067183 5
1757091609649 9745.533254880711 6
1757091609756 8521.727608301007 7
1757091609862 7540.963208695171 8
1757091609969 6751.2313606172975 9
1757091610075 6112.376489117062 10
1757091610181 5593.188187001726 11
1757091610294 5169.29977936686 12
1757091610413 4821.617973499147 13
1757091610536 4535.130568033428 14
1757091610656 4297.993973352634 15
1757091610771 4100.831715633765 16
1757091610891 3936.1934920342687 17
1757091611007 3798.1370087312353 18
1757091611126 3681.904011744096 19
1757091611258 3583.6687440251994 20
1757091611376 3500.342200279312 21
1757091611501 3429.4194460320523 22
1757091611621 3368.8602320703403 23
1757091611739 3316.9953977522605 24
1757091611857 3272.4532865375077 25
1757091611978 3234.10172185996 26
1757091612093 3201.002107406927 27
1757091612204 3172.3729959645952 28
1757091612328 3147.561070715413 29
1757091612447 3126.0179444907126 30
1757091612566 3107.2815382317667 31
1757091612684 3090.961074424576 32
1757091612802 3076.72493338411 33
1757091612920 3064.290784392394 34
1757091613041 3053.417530890946 35
1757091613158 3043.8987076654985 36
1757091613275 3035.5570447442315 37
1757091613389 3028.2399725569326 38
1757091613505 3021.815889614157 39
1757091613621 3016.171050520036 40
1757091613738 3011.2069608083016 41
1757091613855 3006.8381876456574 42
1757091613972 3002.990513236509 43
1757091614092 2999.5993718371165 44
1757091614208 2996.6085224572753 45
1757091614318 2993.9689182228635 46
1757091614438 2991.6377404816562 47
1757091614556 2989.577571437471 48
1757091614671 2987.7556836900326 49
1757091614795 2986.143428770858 50
1757091614912 2984.715709779719 51
1757091615033 2983.4505256835364 52
1757091615145 2982.328576851218 53
1757091615261 2981.332923051796 54
1757091615383 2980.448686508522 55
1757091615503 2979.662793733504 56
1757091615620 2978.9637508095316 57
1757091615743 2978.3414475730265 58
1757091615862 2977.7869868124485 59
1757091615985 2977.2925351524414 60
1757091616101 2976.851192763695 61
1757091616213 2976.4568794366364 62
1757091616329 2976.1042348954825 63
1757091616451 2975.788531517864 64
1757091616570 2975.505597871934 65
1757091616689 2975.251751694399 66
1757091616804 2975.0237411145868 67
1757091616921 2974.8186930860993 68
1757091617038 2974.6340681224997 69
1757091617153 2974.467620550103 70
1757091617273 2974.3173635918115 71
1757091617393 2974.1815386834314 72
1757091617509 2974.0585884997827 73
1757091617629 2973.947133233936 74
1757091617745 2973.845949730238 75
1757091617863 2973.753953121803 76
1757091617984 2973.6701806666897 77
1757091618102 2973.593777514984 78
1757091618225 2973.5239841721595 79
1757091618337 2973.4601254531026 80
1757091618451 2973.401600746468 81
1757091618566 2973.3478754312014 82
