1757091643839 28352.922330097088 0
1757091643975 22376.798972947305 1
1757091644092 18269.2167856094 2
1757091644209 15187.187126579358 3
1757091644325 12774.462170161456 4
1757091644444 10849.115640659735 5
1757091644562 9299.333589021799 6
1757091644678 8046.580873153944 7
1757091644792 7031.82080947087 8
1757091644914 6208.820169267086 9
1757091645032 5540.900468444914 10
1757091645149 4998.3034144864105 11
1757091645258 4557.2616404637965 12
1757091645371 4198.43600693636 13
1757091645489 3906.2873655934786 14
1757091645608 3668.247979924961 15
1757091645725 3474.1461512715928 16
1757091645843 3315.7443838493928 17
1757091645962 3186.367769459954 18
1757091646080 3080.6045617387767 19
1757091646199 2994.0647033995847 20
1757091646313 2923.184957793276 21
1757091646432 2865.0715579642106 22
1757091646551 2817.373081152554 23
1757091646669 2778.177689391682 24
1757091646787 2745.930023895777 25
1757091646911 2719.3639607716327 26
1757091647030 2697.448174001369 27
1757091647145 2679.3420448852557 28
1757091647265 2664.3599340686624 29
1757091647378 2651.942215942256 30
1757091647500 2641.6317840182264 31
1757091647619 2633.054984587978 32
1757091647738 2625.9061363659853 33
1757091647856 2619.934955385385 34
1757091647979 2614.9363347260487 35
1757091648102 2610.742033819763 36
1757091648221 2607.21391698476 37
1757091648339 2604.2384494270054 38
1757091648457 2601.7222143716863 39
1757091648577 2599.5882598002713 40
1757091648698 2597.7731195150286 41
1757091648822 2596.224382584147 42
1757091648945 2594.898708966121 43
1757091649106 2593.760208343891 44
1757091649224 2592.779114781968 45
