1757158560489 nan 0
1757158560639 nan 1
1757158560783 nan 2
1757158561004 nan 3
1757158561146 nan 4
1757158561279 nan 5
1757158561420 nan 6
1757158561612 nan 7
1757158561751 nan 8
1757158561948 nan 9
1757158562083 nan 10
1757158562218 nan 11
1757158562401 nan 12
1757158562534 nan 13
1757158562670 nan 14
1757158562796 nan 15
1757158562922 nan 16
1757158563048 nan 17
1757158563182 nan 18
1757158563312 nan 19
1757158563438 nan 20
1757158563565 nan 21
1757158563692 nan 22
1757158563821 nan 23
1757158563946 nan 24
1757158564080 nan 25
1757158564202 nan 26
1757158564329 nan 27
1757158564487 nan 28
1757158564616 nan 29
1757158564747 nan 30
1757158564883 nan 31
1757158565036 nan 32
1757158565172 nan 33
1757158565298 nan 34
1757158565425 nan 35
1757158565555 nan 36
1757158565708 nan 37
1757158565833 nan 38
1757158565956 nan 39
1757158566155 nan 40
1757158566287 nan 41
1757158566423 nan 42
1757158566556 nan 43
1757158566699 nan 44
1757158566827 nan 45
1757158566954 nan 46
1757158567084 nan 47
1757158567223 nan 48
1757158567349 nan 49
1757158567478 nan 50
1757158567611 nan 51
1757158567739 nan 52
1757158567871 nan 53
1757158567995 nan 54
1757158568125 nan 55
1757158568250 nan 56
1757158568378 nan 57
1757158568559 nan 58
1757158568680 nan 59
1757158568800 nan 60
1757158568926 nan 61
1757158569069 nan 62
1757158569233 nan 63
1757158569354 nan 64
1757158569483 nan 65
1757158569605 nan 66
1757158569732 nan 67
1757158569863 nan 68
1757158569988 nan 69
1757158570119 nan 70
1757158570249 nan 71
1757158570374 nan 72
1757158570496 nan 73
1757158570649 nan 74
1757158570772 nan 75
1757158570897 nan 76
1757158571023 nan 77
1757158571158 nan 78
1757158571289 nan 79
1757158571428 nan 80
1757158571583 nan 81
1757158571755 nan 82
1757158571938 nan 83
1757158572065 nan 84
1757158572192 nan 85
1757158572316 nan 86
1757158572488 nan 87
1757158572737 nan 88
1757158572904 nan 89
1757158573127 nan 90
1757158573275 nan 91
1757158573418 nan 92
1757158573605 nan 93
1757158573742 nan 94
1757158573938 nan 95
1757158574122 nan 96
1757158574276 nan 97
1757158574426 nan 98
1757158574580 nan 99
1757158574727 nan 100
1757158574881 nan 101
1757158575022 nan 102
1757158575158 nan 103
1757158575281 nan 104
1757158575403 nan 105
1757158575529 nan 106
1757158575675 nan 107
1757158575802 nan 108
1757158575925 nan 109
1757158576045 nan 110
1757158576175 nan 111
1757158576293 nan 112
1757158576419 nan 113
1757158576543 nan 114
1757158576662 nan 115
1757158576789 nan 116
1757158576934 nan 117
1757158577061 nan 118
1757158577187 nan 119
1757158577310 nan 120
1757158577435 nan 121
1757158577564 nan 122
1757158577687 nan 123
1757158577817 nan 124
1757158577939 nan 125
1757158578063 nan 126
1757158578184 nan 127
1757158578306 nan 128
1757158578429 nan 129
1757158578550 nan 130
1757158578680 nan 131
1757158578799 nan 132
1757158578934 nan 133
1757158579060 nan 134
1757158579186 nan 135
1757158579336 nan 136
1757158579472 nan 137
1757158579596 nan 138
1757158579719 nan 139
1757158579841 nan 140
1757158579964 nan 141
1757158580086 nan 142
1757158580214 nan 143
1757158580342 nan 144
1757158580465 nan 145
1757158580587 nan 146
1757158580706 nan 147
1757158580829 nan 148
1757158580964 nan 149
1757158581147 nan 150
1757158581269 nan 151
1757158581396 nan 152
1757158581550 nan 153
1757158581677 nan 154
1757158581850 nan 155
1757158581978 nan 156
1757158582102 nan 157
1757158582225 nan 158
1757158582354 nan 159
1757158582477 nan 160
1757158582602 nan 161
1757158582725 nan 162
1757158582850 nan 163
1757158582970 nan 164
1757158583092 nan 165
1757158583243 nan 166
1757158583373 nan 167
1757158583499 nan 168
1757158583633 nan 169
1757158583756 nan 170
1757158583887 nan 171
1757158584014 nan 172
1757158584140 nan 173
1757158584267 nan 174
1757158584403 nan 175
1757158584537 nan 176
1757158584658 nan 177
1757158584783 nan 178
1757158584910 nan 179
1757158585029 nan 180
1757158585150 nan 181
1757158585310 nan 182
1757158585437 nan 183
1757158585561 nan 184
1757158585681 nan 185
1757158585803 nan 186
1757158585936 nan 187
1757158586064 nan 188
1757158586185 nan 189
1757158586309 nan 190
1757158586433 nan 191
1757158586576 nan 192
1757158586701 nan 193
1757158586819 nan 194
1757158586937 nan 195
1757158587059 nan 196
1757158587184 nan 197
1757158587330 nan 198
1757158587451 nan 199
1757158587572 nan 200
1757158587695 nan 201
1757158587815 nan 202
1757158587940 nan 203
1757158588060 nan 204
1757158588190 nan 205
1757158588314 nan 206
1757158588437 nan 207
1757158588559 nan 208
1757158588678 nan 209
1757158588795 nan 210
1757158588916 nan 211
1757158589037 nan 212
1757158589167 nan 213
1757158589287 nan 214
1757158589496 nan 215
1757158589618 nan 216
1757158589738 nan 217
1757158589858 nan 218
1757158589980 nan 219
1757158590111 nan 220
1757158590234 nan 221
1757158590350 nan 222
1757158590468 nan 223
1757158590592 nan 224
1757158590717 nan 225
1757158590840 nan 226
1757158590964 nan 227
1757158591091 nan 228
1757158591220 nan 229
1757158591343 nan 230
1757158591481 nan 231
1757158591624 nan 232
1757158591803 nan 233
1757158591939 nan 234
1757158592057 nan 235
1757158592183 nan 236
1757158592313 nan 237
1757158592434 nan 238
1757158592557 nan 239
1757158592680 nan 240
1757158592807 nan 241
1757158592938 nan 242
1757158593061 nan 243
1757158593189 nan 244
1757158593322 nan 245
1757158593453 nan 246
1757158593610 nan 247
1757158593740 nan 248
1757158593880 nan 249
1757158594003 nan 250
1757158594137 nan 251
1757158594265 nan 252
1757158594402 nan 253
1757158594532 nan 254
1757158594664 nan 255
1757158594783 nan 256
1757158594909 nan 257
1757158595030 nan 258
1757158595150 nan 259
1757158595272 nan 260
1757158595395 nan 261
1757158595515 nan 262
1757158595650 nan 263
1757158595775 nan 264
1757158595902 nan 265
1757158596033 nan 266
1757158596153 nan 267
1757158596277 nan 268
1757158596404 nan 269
1757158596523 nan 270
1757158596643 nan 271
1757158596770 nan 272
1757158596898 nan 273
1757158597020 nan 274
1757158597138 nan 275
1757158597260 nan 276
1757158597384 nan 277
1757158597511 nan 278
1757158597668 nan 279
1757158597797 nan 280
1757158597919 nan 281
1757158598044 nan 282
1757158598164 nan 283
1757158598288 nan 284
1757158598412 nan 285
1757158598536 nan 286
1757158598664 nan 287
1757158598790 nan 288
1757158598917 nan 289
1757158599043 nan 290
1757158599168 nan 291
1757158599291 nan 292
1757158599416 nan 293
1757158599544 nan 294
1757158599756 nan 295
1757158599883 nan 296
1757158600005 nan 297
1757158600136 nan 298
1757158600262 nan 299
1757158600398 nan 300
1757158600520 nan 301
1757158600658 nan 302
1757158600777 nan 303
1757158600922 nan 304
1757158601047 nan 305
1757158601179 nan 306
1757158601304 nan 307
1757158601444 nan 308
1757158601593 nan 309
1757158601739 nan 310
1757158601904 nan 311
1757158602029 nan 312
1757158602155 nan 313
1757158602280 nan 314
1757158602406 nan 315
1757158602543 nan 316
1757158602677 nan 317
1757158602807 nan 318
1757158602934 nan 319
1757158603065 nan 320
1757158603226 nan 321
1757158603349 nan 322
1757158603473 nan 323
1757158603600 nan 324
1757158603728 nan 325
1757158603873 nan 326
1757158604007 nan 327
1757158604132 nan 328
1757158604256 nan 329
1757158604392 nan 330
1757158604522 nan 331
1757158604642 nan 332
1757158604772 nan 333
1757158604895 nan 334
1757158605022 nan 335
1757158605142 nan 336
1757158605272 nan 337
1757158605398 nan 338
1757158605520 nan 339
1757158605660 nan 340
1757158605786 nan 341
1757158605906 nan 342
1757158606035 nan 343
1757158606160 nan 344
1757158606286 nan 345
1757158606408 nan 346
1757158606533 nan 347
1757158606664 nan 348
1757158606790 nan 349
1757158606922 nan 350
1757158607047 nan 351
1757158607171 nan 352
1757158607293 nan 353
1757158607416 nan 354
1757158607538 nan 355
1757158607675 nan 356
1757158607797 nan 357
1757158607921 nan 358
1757158608060 nan 359
1757158608192 nan 360
1757158608315 nan 361
1757158608442 nan 362
1757158608567 nan 363
1757158608695 nan 364
1757158608821 nan 365
1757158608950 nan 366
1757158609072 nan 367
1757158609191 nan 368
1757158609314 nan 369
1757158609440 nan 370
1757158609580 nan 371
1757158609720 nan 372
1757158609844 nan 373
1757158610016 nan 374
1757158610166 nan 375
1757158610292 nan 376
1757158610418 nan 377
1757158610538 nan 378
1757158610663 nan 379
1757158610798 nan 380
1757158610968 nan 381
1757158611122 nan 382
1757158611275 nan 383
1757158611407 nan 384
1757158611655 nan 385
1757158611770 nan 386
1757158612012 nan 387
1757158612148 nan 388
1757158612305 nan 389
1757158612474 nan 390
1757158612651 nan 391
1757158612841 nan 392
1757158612996 nan 393
1757158613126 nan 394
1757158613256 nan 395
1757158613391 nan 396
1757158613527 nan 397
1757158613658 nan 398
1757158613789 nan 399
1757158613922 nan 400
1757158614059 nan 401
1757158614198 nan 402
1757158614339 nan 403
1757158614469 nan 404
1757158614699 nan 405
1757158614843 nan 406
1757158614973 nan 407
1757158615101 nan 408
1757158615237 nan 409
1757158615385 nan 410
1757158615536 nan 411
1757158615669 nan 412
1757158615797 nan 413
1757158615921 nan 414
1757158616056 nan 415
1757158616189 nan 416
1757158616351 nan 417
1757158616484 nan 418
1757158616628 nan 419
1757158616757 nan 420
1757158616888 nan 421
1757158617013 nan 422
1757158617162 nan 423
1757158617296 nan 424
1757158617432 nan 425
1757158617563 nan 426
1757158617690 nan 427
1757158617818 nan 428
1757158617944 nan 429
1757158618069 nan 430
1757158618203 nan 431
1757158618329 nan 432
1757158618484 nan 433
1757158618606 nan 434
1757158618730 nan 435
1757158618864 nan 436
1757158618988 nan 437
1757158619115 nan 438
1757158619244 nan 439
1757158619369 nan 440
1757158619495 nan 441
1757158619615 nan 442
1757158619742 nan 443
1757158619870 nan 444
1757158619995 nan 445
1757158620139 nan 446
1757158620278 nan 447
1757158620402 nan 448
1757158620557 nan 449
1757158620681 nan 450
1757158620808 nan 451
1757158620933 nan 452
1757158621056 nan 453
1757158621181 nan 454
1757158621339 nan 455
1757158621645 nan 456
1757158621839 nan 457
1757158621950 nan 458
1757158622082 nan 459
1757158622215 nan 460
1757158622345 nan 461
1757158622471 nan 462
1757158622622 nan 463
1757158622740 nan 464
1757158622878 nan 465
1757158623004 nan 466
1757158623136 nan 467
1757158623261 nan 468
1757158623401 nan 469
1757158623540 nan 470
1757158623657 nan 471
1757158623780 nan 472
1757158623932 nan 473
1757158624058 nan 474
1757158624185 nan 475
1757158624312 nan 476
1757158624485 nan 477
1757158624683 nan 478
1757158624828 nan 479
1757158624953 nan 480
1757158625078 nan 481
1757158625198 nan 482
1757158625323 nan 483
1757158625440 nan 484
1757158625572 nan 485
1757158625689 nan 486
1757158625812 nan 487
1757158625940 nan 488
1757158626070 nan 489
1757158626197 nan 490
1757158626324 nan 491
1757158626444 nan 492
1757158626563 nan 493
1757158626690 nan 494
1757158626829 nan 495
1757158626950 nan 496
1757158627076 nan 497
1757158627198 nan 498
1757158627324 nan 499
