1757092788229 nan 0
1757092788373 nan 1
1757092788529 nan 2
1757092788681 nan 3
1757092788815 nan 4
1757092788952 nan 5
1757092789103 nan 6
1757092789238 nan 7
1757092789358 nan 8
1757092789491 nan 9
1757092789746 nan 10
1757092789906 nan 11
1757092790058 nan 12
1757092790188 nan 13
1757092790327 nan 14
1757092790447 nan 15
1757092790593 nan 16
1757092790719 nan 17
1757092790845 nan 18
1757092790973 nan 19
1757092791105 nan 20
1757092791235 nan 21
1757092791376 nan 22
1757092791505 nan 23
1757092791642 nan 24
1757092791770 nan 25
1757092791893 nan 26
1757092792017 nan 27
1757092792145 nan 28
1757092792273 nan 29
1757092792399 nan 30
1757092792541 nan 31
1757092792670 nan 32
1757092792797 nan 33
1757092792927 nan 34
1757092793050 nan 35
1757092793170 nan 36
1757092793298 nan 37
1757092793455 nan 38
1757092793581 nan 39
1757092793708 nan 40
1757092793834 nan 41
1757092793965 nan 42
1757092794087 nan 43
1757092794215 nan 44
1757092794351 nan 45
1757092794482 nan 46
1757092794627 nan 47
1757092794802 nan 48
1757092794939 nan 49
1757092795072 nan 50
1757092795216 nan 51
1757092795364 nan 52
1757092795528 nan 53
1757092795673 nan 54
1757092795802 nan 55
1757092795938 nan 56
1757092796074 nan 57
1757092796197 nan 58
1757092796328 nan 59
1757092796461 nan 60
1757092796586 nan 61
1757092796725 nan 62
1757092796908 nan 63
1757092797112 nan 64
1757092797248 nan 65
1757092797392 nan 66
1757092797532 nan 67
1757092797673 nan 68
1757092797801 nan 69
1757092797928 nan 70
1757092798062 nan 71
1757092798198 nan 72
1757092798338 nan 73
1757092798475 nan 74
1757092798607 nan 75
1757092798733 nan 76
1757092798865 nan 77
1757092799022 nan 78
1757092799156 nan 79
1757092799293 nan 80
1757092799418 nan 81
1757092799550 nan 82
1757092799681 nan 83
1757092799814 nan 84
1757092799945 nan 85
1757092800078 nan 86
1757092800221 nan 87
1757092800350 nan 88
1757092800477 nan 89
1757092800606 nan 90
1757092800736 nan 91
1757092800864 nan 92
1757092800997 nan 93
1757092801128 nan 94
1757092801277 nan 95
1757092801418 nan 96
1757092801766 nan 97
1757092801980 nan 98
1757092802131 nan 99
1757092802292 nan 100
1757092802434 nan 101
1757092802575 nan 102
1757092802709 nan 103
1757092802841 nan 104
1757092802982 nan 105
1757092803120 nan 106
1757092803256 nan 107
1757092803407 nan 108
1757092803536 nan 109
1757092803663 nan 110
1757092803790 nan 111
1757092803930 nan 112
1757092804061 nan 113
1757092804183 nan 114
1757092804322 nan 115
1757092804461 nan 116
1757092804594 nan 117
1757092804726 nan 118
1757092804871 nan 119
1757092805002 nan 120
1757092805139 nan 121
1757092805271 nan 122
1757092805407 nan 123
1757092805540 nan 124
1757092805673 nan 125
1757092805810 nan 126
1757092805940 nan 127
1757092806069 nan 128
1757092806212 nan 129
1757092806343 nan 130
1757092806482 nan 131
1757092806612 nan 132
1757092806748 nan 133
1757092806879 nan 134
1757092807021 nan 135
1757092807155 nan 136
1757092807291 nan 137
1757092807427 nan 138
1757092807570 nan 139
1757092807700 nan 140
1757092807837 nan 141
1757092807975 nan 142
1757092808118 nan 143
1757092808247 nan 144
1757092808379 nan 145
1757092808518 nan 146
1757092808659 nan 147
1757092808801 nan 148
1757092808935 nan 149
1757092809066 nan 150
1757092809209 nan 151
1757092809341 nan 152
1757092809465 nan 153
1757092809599 nan 154
1757092809807 nan 155
1757092809943 nan 156
1757092810077 nan 157
1757092810208 nan 158
1757092810335 nan 159
1757092810460 nan 160
1757092810590 nan 161
1757092810722 nan 162
1757092810882 nan 163
1757092811036 nan 164
1757092811169 nan 165
1757092811297 nan 166
1757092811423 nan 167
1757092811552 nan 168
1757092811737 nan 169
1757092811905 nan 170
1757092812061 nan 171
1757092812200 nan 172
1757092812335 nan 173
1757092812474 nan 174
1757092812628 nan 175
1757092812770 nan 176
1757092812901 nan 177
1757092813031 nan 178
1757092813163 nan 179
1757092813296 nan 180
1757092813425 nan 181
1757092813560 nan 182
1757092813696 nan 183
1757092813824 nan 184
1757092813955 nan 185
1757092814093 nan 186
1757092814245 nan 187
1757092814370 nan 188
1757092814497 nan 189
1757092814626 nan 190
1757092814758 nan 191
1757092814885 nan 192
1757092815025 nan 193
1757092815153 nan 194
1757092815286 nan 195
1757092815414 nan 196
1757092815541 nan 197
1757092815669 nan 198
1757092815798 nan 199
1757092815938 nan 200
1757092816072 nan 201
1757092816203 nan 202
1757092816354 nan 203
1757092816475 nan 204
1757092816606 nan 205
1757092816738 nan 206
1757092816875 nan 207
1757092817005 nan 208
1757092817142 nan 209
1757092817278 nan 210
1757092817457 nan 211
1757092817586 nan 212
1757092817718 nan 213
1757092817848 nan 214
1757092818075 nan 215
1757092818205 nan 216
1757092818350 nan 217
1757092818491 nan 218
1757092818629 nan 219
1757092818764 nan 220
1757092818909 nan 221
1757092819134 nan 222
1757092819308 nan 223
1757092819446 nan 224
1757092819576 nan 225
1757092819715 nan 226
1757092819859 nan 227
1757092819995 nan 228
1757092820131 nan 229
1757092820268 nan 230
1757092820412 nan 231
1757092820547 nan 232
1757092820675 nan 233
1757092820805 nan 234
1757092820949 nan 235
1757092821084 nan 236
1757092821226 nan 237
1757092821359 nan 238
1757092821487 nan 239
1757092821650 nan 240
1757092821791 nan 241
1757092821926 nan 242
1757092822061 nan 243
1757092822289 nan 244
1757092822550 nan 245
1757092822649 nan 246
1757092822796 nan 247
1757092822925 nan 248
1757092823059 nan 249
1757092823208 nan 250
1757092823340 nan 251
1757092823482 nan 252
1757092823642 nan 253
1757092823772 nan 254
1757092823900 nan 255
1757092824033 nan 256
1757092824159 nan 257
1757092824282 nan 258
1757092824413 nan 259
1757092824543 nan 260
1757092824666 nan 261
1757092824797 nan 262
1757092824930 nan 263
1757092825061 nan 264
1757092825193 nan 265
1757092825351 nan 266
1757092825485 nan 267
1757092825624 nan 268
1757092825776 nan 269
1757092825918 nan 270
1757092826052 nan 271
1757092826189 nan 272
1757092826345 nan 273
1757092826482 nan 274
1757092826628 nan 275
1757092826778 nan 276
1757092826917 nan 277
1757092827051 nan 278
1757092827187 nan 279
1757092827334 nan 280
1757092827470 nan 281
1757092827612 nan 282
1757092827806 nan 283
1757092828014 nan 284
1757092828159 nan 285
1757092828290 nan 286
1757092828426 nan 287
1757092828554 nan 288
1757092828679 nan 289
1757092828805 nan 290
1757092828929 nan 291
1757092829060 nan 292
1757092829191 nan 293
1757092829327 nan 294
1757092829460 nan 295
1757092829591 nan 296
1757092829718 nan 297
1757092829847 nan 298
1757092829980 nan 299
1757092830107 nan 300
1757092830234 nan 301
1757092830372 nan 302
1757092830497 nan 303
1757092830625 nan 304
1757092830770 nan 305
1757092830901 nan 306
1757092831031 nan 307
1757092831163 nan 308
1757092831296 nan 309
1757092831422 nan 310
1757092831550 nan 311
1757092831684 nan 312
1757092831811 nan 313
1757092832022 nan 314
1757092832145 nan 315
1757092832270 nan 316
1757092832401 nan 317
1757092832533 nan 318
1757092832663 nan 319
1757092832793 nan 320
1757092832934 nan 321
1757092833070 nan 322
1757092833198 nan 323
1757092833330 nan 324
1757092833460 nan 325
1757092833585 nan 326
1757092833712 nan 327
1757092833833 nan 328
1757092833971 nan 329
1757092834099 nan 330
1757092834225 nan 331
1757092834375 nan 332
1757092834513 nan 333
1757092834638 nan 334
1757092834767 nan 335
1757092834904 nan 336
1757092835032 nan 337
1757092835167 nan 338
1757092835295 nan 339
1757092835432 nan 340
1757092835561 nan 341
1757092835691 nan 342
1757092835832 nan 343
1757092836030 nan 344
1757092836169 nan 345
1757092836306 nan 346
1757092836438 nan 347
1757092836571 nan 348
1757092836724 nan 349
1757092836864 nan 350
1757092837001 nan 351
1757092837128 nan 352
1757092837258 nan 353
1757092837382 nan 354
1757092837511 nan 355
1757092837639 nan 356
1757092837767 nan 357
1757092837896 nan 358
1757092838027 nan 359
1757092838153 nan 360
1757092838283 nan 361
1757092838413 nan 362
1757092838546 nan 363
1757092838674 nan 364
1757092838805 nan 365
1757092838932 nan 366
1757092839061 nan 367
1757092839185 nan 368
1757092839310 nan 369
1757092839434 nan 370
1757092839561 nan 371
1757092839747 nan 372
1757092839870 nan 373
1757092839996 nan 374
1757092840145 nan 375
1757092840277 nan 376
1757092840405 nan 377
1757092840530 nan 378
1757092840668 nan 379
1757092840796 nan 380
1757092840935 nan 381
1757092841060 nan 382
1757092841191 nan 383
1757092841311 nan 384
1757092841432 nan 385
1757092841555 nan 386
1757092841679 nan 387
1757092841801 nan 388
1757092841921 nan 389
1757092842045 nan 390
1757092842176 nan 391
1757092842297 nan 392
1757092842425 nan 393
1757092842547 nan 394
1757092842671 nan 395
1757092842796 nan 396
1757092842928 nan 397
1757092843060 nan 398
1757092843210 nan 399
1757092843335 nan 400
1757092843466 nan 401
1757092843591 nan 402
1757092843716 nan 403
1757092843839 nan 404
1757092843969 nan 405
1757092844100 nan 406
1757092844230 nan 407
1757092844354 nan 408
1757092844510 nan 409
1757092844637 nan 410
1757092844773 nan 411
1757092844955 nan 412
1757092845104 nan 413
1757092845247 nan 414
1757092845384 nan 415
1757092845515 nan 416
1757092845648 nan 417
1757092845778 nan 418
1757092845901 nan 419
1757092846028 nan 420
1757092846155 nan 421
1757092846282 nan 422
1757092846408 nan 423
1757092846540 nan 424
1757092846665 nan 425
1757092846794 nan 426
1757092846925 nan 427
1757092847056 nan 428
1757092847190 nan 429
1757092847398 nan 430
1757092847500 nan 431
1757092847632 nan 432
1757092847762 nan 433
1757092847893 nan 434
1757092848024 nan 435
1757092848157 nan 436
1757092848290 nan 437
1757092848416 nan 438
1757092848560 nan 439
1757092848695 nan 440
1757092848828 nan 441
1757092848961 nan 442
1757092849100 nan 443
1757092849227 nan 444
1757092849359 nan 445
1757092849527 nan 446
1757092849658 nan 447
1757092849793 nan 448
1757092849930 nan 449
1757092850062 nan 450
1757092850203 nan 451
1757092850336 nan 452
1757092850462 nan 453
1757092850603 nan 454
1757092850728 nan 455
1757092850864 nan 456
1757092850996 nan 457
1757092851151 nan 458
1757092851285 nan 459
1757092851422 nan 460
1757092851565 nan 461
1757092851683 nan 462
1757092851812 nan 463
1757092851942 nan 464
1757092852077 nan 465
1757092852207 nan 466
1757092852338 nan 467
1757092852460 nan 468
1757092852586 nan 469
1757092852711 nan 470
1757092852842 nan 471
1757092852974 nan 472
1757092853100 nan 473
1757092853241 nan 474
1757092853389 nan 475
1757092853518 nan 476
1757092853650 nan 477
1757092853778 nan 478
1757092853908 nan 479
1757092854050 nan 480
1757092854205 nan 481
1757092854334 nan 482
1757092854479 nan 483
1757092854614 nan 484
1757092854765 nan 485
1757092854987 nan 486
1757092855148 nan 487
1757092855314 nan 488
1757092855451 nan 489
1757092855621 nan 490
1757092855752 nan 491
1757092855889 nan 492
1757092856088 nan 493
1757092856221 nan 494
1757092856355 nan 495
1757092856484 nan 496
1757092856611 nan 497
1757092856781 nan 498
1757092856919 nan 499
