1757095966267 nan 0
1757095966403 nan 1
1757095966720 nan 2
1757095966871 nan 3
1757095967026 nan 4
1757095967180 nan 5
1757095967367 nan 6
1757095967531 nan 7
1757095967716 nan 8
1757095967887 nan 9
1757095968025 nan 10
1757095968155 nan 11
1757095968284 nan 12
1757095968410 nan 13
1757095968540 nan 14
1757095968668 nan 15
1757095968797 nan 16
1757095968924 nan 17
1757095969059 nan 18
1757095969191 nan 19
1757095969324 nan 20
1757095969473 nan 21
1757095969617 nan 22
1757095969754 nan 23
1757095969889 nan 24
1757095970016 nan 25
1757095970158 nan 26
1757095970294 nan 27
1757095970463 nan 28
1757095970603 nan 29
1757095970729 nan 30
1757095970871 nan 31
1757095971009 nan 32
1757095971139 nan 33
1757095971269 nan 34
1757095971392 nan 35
1757095971530 nan 36
1757095971673 nan 37
1757095971820 nan 38
1757095971950 nan 39
1757095972096 nan 40
1757095972240 nan 41
1757095972367 nan 42
1757095972500 nan 43
1757095972639 nan 44
1757095972789 nan 45
1757095972943 nan 46
1757095973084 nan 47
1757095973242 nan 48
1757095973381 nan 49
1757095973515 nan 50
1757095973646 nan 51
1757095973772 nan 52
1757095973898 nan 53
1757095974029 nan 54
1757095974154 nan 55
1757095974283 nan 56
1757095974410 nan 57
1757095974535 nan 58
1757095974662 nan 59
1757095974791 nan 60
1757095974915 nan 61
1757095975041 nan 62
1757095975166 nan 63
1757095975296 nan 64
1757095975424 nan 65
1757095975563 nan 66
1757095975696 nan 67
1757095975832 nan 68
1757095975983 nan 69
1757095976116 nan 70
1757095976264 nan 71
1757095976390 nan 72
1757095976543 nan 73
1757095976676 nan 74
1757095976809 nan 75
1757095976941 nan 76
1757095977064 nan 77
1757095977189 nan 78
1757095977329 nan 79
1757095977478 nan 80
1757095977617 nan 81
1757095977753 nan 82
1757095977890 nan 83
1757095978022 nan 84
1757095978166 nan 85
1757095978349 nan 86
1757095978483 nan 87
1757095978702 nan 88
1757095978879 nan 89
1757095979065 nan 90
1757095979228 nan 91
1757095979410 nan 92
1757095979560 nan 93
1757095979784 nan 94
1757095979919 nan 95
1757095980074 nan 96
1757095980237 nan 97
1757095980399 nan 98
1757095980645 nan 99
1757095980837 nan 100
1757095982091 nan 101
1757095982243 nan 102
1757095982425 nan 103
1757095982581 nan 104
1757095982741 nan 105
1757095982888 nan 106
1757095983040 nan 107
1757095983186 nan 108
1757095983366 nan 109
1757095983549 nan 110
1757095983711 nan 111
1757095983919 nan 112
1757095984058 nan 113
1757095984208 nan 114
1757095984342 nan 115
1757095984471 nan 116
1757095984673 nan 117
1757095984837 nan 118
1757095984987 nan 119
1757095985131 nan 120
1757095985270 nan 121
1757095985405 nan 122
1757095985559 nan 123
1757095985688 nan 124
1757095985818 nan 125
1757095985946 nan 126
1757095986089 nan 127
1757095986217 nan 128
1757095986346 nan 129
1757095986475 nan 130
1757095986601 nan 131
1757095986723 nan 132
1757095986880 nan 133
1757095987027 nan 134
1757095987149 nan 135
1757095987272 nan 136
1757095987417 nan 137
1757095987546 nan 138
1757095987672 nan 139
1757095987804 nan 140
1757095987949 nan 141
1757095988084 nan 142
1757095988286 nan 143
1757095988438 nan 144
1757095988595 nan 145
1757095988759 nan 146
1757095988982 nan 147
1757095989128 nan 148
1757095989292 nan 149
1757095989455 nan 150
1757095989605 nan 151
1757095989761 nan 152
1757095989907 nan 153
1757095990080 nan 154
1757095990247 nan 155
1757095990417 nan 156
1757095990574 nan 157
1757095990720 nan 158
1757095990873 nan 159
1757095991051 nan 160
1757095991205 nan 161
1757095991389 nan 162
1757095991563 nan 163
1757095991703 nan 164
1757095991860 nan 165
1757095992025 nan 166
1757095992190 nan 167
1757095992402 nan 168
1757095992557 nan 169
1757095992688 nan 170
1757095992814 nan 171
1757095992940 nan 172
1757095993072 nan 173
1757095993200 nan 174
1757095993331 nan 175
1757095993453 nan 176
1757095993599 nan 177
1757095993723 nan 178
1757095993847 nan 179
1757095993977 nan 180
1757095994113 nan 181
1757095994240 nan 182
1757095994373 nan 183
1757095994510 nan 184
1757095994645 nan 185
1757095994783 nan 186
1757095994909 nan 187
1757095995034 nan 188
1757095995187 nan 189
1757095995316 nan 190
1757095995445 nan 191
1757095995583 nan 192
1757095995716 nan 193
1757095995842 nan 194
1757095995985 nan 195
1757095996129 nan 196
1757095996260 nan 197
1757095996385 nan 198
1757095996586 nan 199
1757095996794 nan 200
1757095996933 nan 201
1757095997065 nan 202
1757095997231 nan 203
1757095997388 nan 204
1757095997540 nan 205
1757095997683 nan 206
1757095997815 nan 207
1757095997957 nan 208
1757095998096 nan 209
1757095998230 nan 210
1757095998368 nan 211
1757095998526 nan 212
1757095998683 nan 213
1757095998822 nan 214
1757095998959 nan 215
1757095999096 nan 216
1757095999250 nan 217
1757095999388 nan 218
1757095999533 nan 219
1757095999679 nan 220
1757095999833 nan 221
1757095999971 nan 222
1757096000114 nan 223
1757096000276 nan 224
1757096000472 nan 225
1757096000627 nan 226
1757096000766 nan 227
1757096000964 nan 228
1757096001112 nan 229
1757096001266 nan 230
1757096001425 nan 231
1757096001560 nan 232
1757096001703 nan 233
1757096001868 nan 234
1757096002005 nan 235
1757096002136 nan 236
1757096002279 nan 237
1757096002443 nan 238
1757096002587 nan 239
1757096002748 nan 240
1757096002886 nan 241
1757096003043 nan 242
1757096003217 nan 243
1757096003357 nan 244
1757096003499 nan 245
1757096003643 nan 246
1757096003791 nan 247
1757096003924 nan 248
1757096004072 nan 249
1757096004204 nan 250
1757096004348 nan 251
1757096004492 nan 252
1757096004636 nan 253
1757096004769 nan 254
1757096004993 nan 255
1757096005131 nan 256
1757096005267 nan 257
1757096005398 nan 258
1757096005536 nan 259
1757096005672 nan 260
1757096005826 nan 261
1757096005972 nan 262
1757096006111 nan 263
1757096006251 nan 264
1757096006395 nan 265
1757096006523 nan 266
1757096006678 nan 267
1757096006802 nan 268
1757096006935 nan 269
1757096007075 nan 270
1757096007213 nan 271
1757096007343 nan 272
1757096007484 nan 273
1757096007616 nan 274
1757096007756 nan 275
1757096007890 nan 276
1757096008026 nan 277
1757096008160 nan 278
1757096008292 nan 279
1757096008425 nan 280
1757096008561 nan 281
1757096008713 nan 282
1757096008855 nan 283
1757096008998 nan 284
1757096009147 nan 285
1757096009281 nan 286
1757096009418 nan 287
1757096009562 nan 288
1757096009763 nan 289
1757096009959 nan 290
1757096010135 nan 291
1757096010292 nan 292
1757096010426 nan 293
1757096010567 nan 294
1757096010796 nan 295
1757096010935 nan 296
1757096011068 nan 297
1757096011209 nan 298
1757096011354 nan 299
1757096011502 nan 300
1757096011636 nan 301
1757096011787 nan 302
1757096011936 nan 303
1757096012093 nan 304
1757096012236 nan 305
1757096012377 nan 306
1757096012542 nan 307
1757096012666 nan 308
1757096012793 nan 309
1757096012935 nan 310
1757096013093 nan 311
1757096013249 nan 312
1757096013501 nan 313
1757096013642 nan 314
1757096013783 nan 315
1757096013939 nan 316
1757096014075 nan 317
1757096014204 nan 318
1757096014335 nan 319
1757096014478 nan 320
1757096014622 nan 321
1757096014808 nan 322
1757096014932 nan 323
1757096015062 nan 324
1757096015201 nan 325
1757096015338 nan 326
1757096015471 nan 327
1757096015613 nan 328
1757096015805 nan 329
1757096015934 nan 330
1757096016082 nan 331
1757096016213 nan 332
1757096016345 nan 333
1757096016472 nan 334
1757096016606 nan 335
1757096016741 nan 336
1757096016865 nan 337
1757096017000 nan 338
1757096017468 nan 339
1757096017697 nan 340
1757096017850 nan 341
1757096017982 nan 342
1757096018119 nan 343
1757096018283 nan 344
1757096018451 nan 345
1757096018592 nan 346
1757096018747 nan 347
1757096018878 nan 348
1757096019008 nan 349
1757096019145 nan 350
1757096019287 nan 351
1757096019642 nan 352
1757096019916 nan 353
1757096020282 nan 354
1757096020481 nan 355
1757096020693 nan 356
1757096020853 nan 357
1757096021016 nan 358
1757096021163 nan 359
1757096021325 nan 360
1757096021705 nan 361
1757096021817 nan 362
1757096021967 nan 363
1757096022137 nan 364
1757096022409 nan 365
1757096022688 nan 366
1757096022857 nan 367
1757096026427 nan 368
1757096026631 nan 369
1757096026860 nan 370
1757096027049 nan 371
1757096027205 nan 372
1757096027368 nan 373
1757096027532 nan 374
1757096027682 nan 375
1757096027854 nan 376
1757096028003 nan 377
1757096028467 nan 378
1757096028639 nan 379
1757096028796 nan 380
1757096028941 nan 381
1757096029081 nan 382
1757096029227 nan 383
1757096029367 nan 384
1757096029505 nan 385
1757096029812 nan 386
1757096029988 nan 387
1757096030205 nan 388
1757096030405 nan 389
1757096030756 nan 390
1757096030913 nan 391
1757096031141 nan 392
1757096031274 nan 393
1757096031406 nan 394
1757096031551 nan 395
1757096031692 nan 396
1757096031837 nan 397
1757096031987 nan 398
1757096032133 nan 399
1757096032282 nan 400
1757096032426 nan 401
1757096032560 nan 402
1757096032703 nan 403
1757096032857 nan 404
1757096032995 nan 405
1757096033144 nan 406
1757096033297 nan 407
1757096033438 nan 408
1757096033598 nan 409
1757096033743 nan 410
1757096033902 nan 411
1757096034088 nan 412
1757096034302 nan 413
1757096034700 nan 414
1757096034916 nan 415
1757096035066 nan 416
1757096035227 nan 417
1757096035394 nan 418
1757096035544 nan 419
1757096035696 nan 420
1757096035839 nan 421
1757096036025 nan 422
1757096036192 nan 423
1757096036358 nan 424
1757096036531 nan 425
1757096036759 nan 426
1757096036987 nan 427
1757096037165 nan 428
1757096038505 nan 429
1757096038661 nan 430
1757096038863 nan 431
1757096039041 nan 432
1757096039222 nan 433
1757096039461 nan 434
1757096039611 nan 435
1757096039766 nan 436
1757096039912 nan 437
1757096040088 nan 438
1757096040239 nan 439
1757096041916 nan 440
1757096042048 nan 441
1757096042177 nan 442
1757096042306 nan 443
1757096042437 nan 444
1757096042561 nan 445
1757096042693 nan 446
1757096042819 nan 447
1757096042961 nan 448
1757096043096 nan 449
1757096043250 nan 450
1757096043389 nan 451
1757096043519 nan 452
1757096043642 nan 453
1757096043766 nan 454
1757096043900 nan 455
1757096044037 nan 456
1757096044163 nan 457
1757096044290 nan 458
1757096044416 nan 459
1757096044543 nan 460
1757096044677 nan 461
1757096044810 nan 462
1757096044947 nan 463
1757096045077 nan 464
1757096045214 nan 465
1757096045352 nan 466
1757096045500 nan 467
1757096045681 nan 468
1757096045853 nan 469
1757096045998 nan 470
1757096046147 nan 471
1757096046306 nan 472
1757096046437 nan 473
1757096046576 nan 474
1757096046732 nan 475
1757096046894 nan 476
1757096047024 nan 477
1757096047162 nan 478
1757096047314 nan 479
1757096047457 nan 480
1757096047578 nan 481
1757096047702 nan 482
1757096047932 nan 483
1757096048111 nan 484
1757096048239 nan 485
1757096048366 nan 486
1757096048493 nan 487
1757096048624 nan 488
1757096048756 nan 489
1757096048884 nan 490
1757096049013 nan 491
1757096049151 nan 492
1757096049284 nan 493
1757096049423 nan 494
1757096049590 nan 495
1757096049725 nan 496
1757096049860 nan 497
1757096050020 nan 498
1757096050162 nan 499
