1757093952410 nan 0
1757093952560 nan 1
1757093952788 nan 2
1757093952922 nan 3
1757093953172 nan 4
1757093953326 nan 5
1757093953646 nan 6
1757093953775 nan 7
1757093953941 nan 8
1757093954105 nan 9
1757093954247 nan 10
1757093954378 nan 11
1757093954516 nan 12
1757093954651 nan 13
1757093954785 nan 14
1757093954932 nan 15
1757093955067 nan 16
1757093955204 nan 17
1757093955343 nan 18
1757093955477 nan 19
1757093955611 nan 20
1757093955746 nan 21
1757093955888 nan 22
1757093956036 nan 23
1757093956176 nan 24
1757093956310 nan 25
1757093956445 nan 26
1757093956572 nan 27
1757093956704 nan 28
1757093956850 nan 29
1757093956988 nan 30
1757093957118 nan 31
1757093957250 nan 32
1757093957380 nan 33
1757093957522 nan 34
1757093957653 nan 35
1757093957793 nan 36
1757093957932 nan 37
1757093958064 nan 38
1757093958209 nan 39
1757093958348 nan 40
1757093958491 nan 41
1757093958633 nan 42
1757093958775 nan 43
1757093958926 nan 44
1757093959069 nan 45
1757093959202 nan 46
1757093959343 nan 47
1757093959491 nan 48
1757093959626 nan 49
1757093959769 nan 50
1757093959909 nan 51
1757093960053 nan 52
1757093960250 nan 53
1757093960370 nan 54
1757093960621 nan 55
1757093960760 nan 56
1757093960911 nan 57
1757093961053 nan 58
1757093961186 nan 59
1757093961323 nan 60
1757093961469 nan 61
1757093961608 nan 62
1757093961743 nan 63
1757093961888 nan 64
1757093962023 nan 65
1757093962163 nan 66
1757093962339 nan 67
1757093962484 nan 68
1757093962628 nan 69
1757093962774 nan 70
1757093962906 nan 71
1757093963045 nan 72
1757093963193 nan 73
1757093963327 nan 74
1757093963465 nan 75
1757093963602 nan 76
1757093963736 nan 77
1757093963872 nan 78
1757093964013 nan 79
1757093964164 nan 80
1757093964307 nan 81
1757093964441 nan 82
1757093964580 nan 83
1757093964720 nan 84
1757093964851 nan 85
1757093964991 nan 86
1757093965121 nan 87
1757093965272 nan 88
1757093965408 nan 89
1757093965549 nan 90
1757093965691 nan 91
1757093965824 nan 92
1757093965964 nan 93
1757093966098 nan 94
1757093966239 nan 95
1757093966380 nan 96
1757093966531 nan 97
1757093966674 nan 98
1757093966826 nan 99
1757093967135 nan 100
1757093967392 nan 101
1757093967554 nan 102
1757093967713 nan 103
1757093967953 nan 104
1757093968121 nan 105
1757093968265 nan 106
1757093968403 nan 107
1757093968534 nan 108
1757093968680 nan 109
1757093968809 nan 110
1757093968966 nan 111
1757093969115 nan 112
1757093969255 nan 113
1757093969546 nan 114
1757093969696 nan 115
1757093969839 nan 116
1757093969976 nan 117
1757093970125 nan 118
1757093970272 nan 119
1757093970413 nan 120
1757093970551 nan 121
1757093970698 nan 122
1757093970838 nan 123
1757093970980 nan 124
1757093971115 nan 125
1757093971254 nan 126
1757093971386 nan 127
1757093971650 nan 128
1757093971839 nan 129
1757093971985 nan 130
1757093972132 nan 131
1757093972286 nan 132
1757093972429 nan 133
1757093972570 nan 134
1757093972715 nan 135
1757093972865 nan 136
1757093972999 nan 137
1757093973137 nan 138
1757093973270 nan 139
1757093973410 nan 140
1757093973565 nan 141
1757093973702 nan 142
1757093973832 nan 143
1757093973964 nan 144
1757093974103 nan 145
1757093974276 nan 146
1757093974422 nan 147
1757093974567 nan 148
1757093974703 nan 149
1757093974837 nan 150
1757093974976 nan 151
1757093975108 nan 152
1757093975250 nan 153
1757093975399 nan 154
1757093975570 nan 155
1757093975709 nan 156
1757093975855 nan 157
1757093976006 nan 158
1757093976150 nan 159
1757093976292 nan 160
1757093976425 nan 161
1757093976558 nan 162
1757093976697 nan 163
1757093976842 nan 164
1757093976996 nan 165
1757093977241 nan 166
1757093977374 nan 167
1757093977513 nan 168
1757093977650 nan 169
1757093977785 nan 170
1757093977920 nan 171
1757093978057 nan 172
1757093978193 nan 173
1757093978423 nan 174
1757093978565 nan 175
1757093978689 nan 176
1757093978832 nan 177
1757093978971 nan 178
1757093979107 nan 179
1757093979262 nan 180
1757093979488 nan 181
1757093979705 nan 182
1757093979870 nan 183
1757093980016 nan 184
1757093980164 nan 185
1757093980302 nan 186
1757093980452 nan 187
1757093980612 nan 188
1757093980756 nan 189
1757093980894 nan 190
1757093981037 nan 191
1757093981179 nan 192
1757093981319 nan 193
1757093981466 nan 194
1757093981617 nan 195
1757093981750 nan 196
1757093981900 nan 197
1757093982069 nan 198
1757093982221 nan 199
1757093982369 nan 200
1757093982512 nan 201
1757093982670 nan 202
1757093982801 nan 203
1757093982933 nan 204
1757093983068 nan 205
1757093983205 nan 206
1757093983337 nan 207
1757093983468 nan 208
1757093983619 nan 209
1757093983747 nan 210
1757093983872 nan 211
1757093984014 nan 212
1757093984154 nan 213
1757093984313 nan 214
1757093984451 nan 215
1757093984594 nan 216
1757093984730 nan 217
1757093984866 nan 218
1757093985007 nan 219
1757093985144 nan 220
1757093985272 nan 221
1757093985404 nan 222
1757093985529 nan 223
1757093985867 nan 224
1757093986036 nan 225
1757093986219 nan 226
1757093986430 nan 227
1757093986561 nan 228
1757093986704 nan 229
1757093986849 nan 230
1757093986979 nan 231
1757093987220 nan 232
1757093987389 nan 233
1757093987533 nan 234
1757093987675 nan 235
1757093987828 nan 236
1757093987957 nan 237
1757093988090 nan 238
1757093988226 nan 239
1757093988360 nan 240
1757093988539 nan 241
1757093988686 nan 242
1757093988818 nan 243
1757093988950 nan 244
1757093989089 nan 245
1757093989235 nan 246
1757093989371 nan 247
1757093989519 nan 248
1757093989668 nan 249
1757093989804 nan 250
1757093989938 nan 251
1757093990076 nan 252
1757093990219 nan 253
1757093990348 nan 254
1757093990492 nan 255
1757093990635 nan 256
1757093990760 nan 257
1757093990892 nan 258
1757093991041 nan 259
1757093991170 nan 260
1757093991305 nan 261
1757093991460 nan 262
1757093991606 nan 263
1757093991741 nan 264
1757093991875 nan 265
1757093992007 nan 266
1757093992142 nan 267
1757093992282 nan 268
1757093992414 nan 269
1757093992567 nan 270
1757093992705 nan 271
1757093992882 nan 272
1757093993019 nan 273
1757093993152 nan 274
1757093993283 nan 275
1757093993419 nan 276
1757093993563 nan 277
1757093993711 nan 278
1757093993924 nan 279
1757093994066 nan 280
1757093994196 nan 281
1757093994528 nan 282
1757093994704 nan 283
1757093994884 nan 284
1757093995059 nan 285
1757093995241 nan 286
1757093995374 nan 287
1757093995516 nan 288
1757093995660 nan 289
1757093995876 nan 290
1757093996037 nan 291
1757093996181 nan 292
1757093996337 nan 293
1757093996462 nan 294
1757093996593 nan 295
1757093996719 nan 296
1757093996863 nan 297
1757093997021 nan 298
1757093997153 nan 299
1757093997282 nan 300
1757093997416 nan 301
1757093997550 nan 302
1757093997683 nan 303
1757093997851 nan 304
1757093997988 nan 305
1757093998117 nan 306
1757093998252 nan 307
1757093998392 nan 308
1757093998538 nan 309
1757093998692 nan 310
1757093998826 nan 311
1757093998964 nan 312
1757093999103 nan 313
1757093999246 nan 314
1757093999383 nan 315
1757093999523 nan 316
1757093999673 nan 317
1757093999817 nan 318
1757093999944 nan 319
1757094000082 nan 320
1757094000222 nan 321
1757094000351 nan 322
1757094000485 nan 323
1757094000629 nan 324
1757094000764 nan 325
1757094000893 nan 326
1757094001041 nan 327
1757094001180 nan 328
1757094001324 nan 329
1757094001470 nan 330
1757094001601 nan 331
1757094001805 nan 332
1757094001989 nan 333
1757094002128 nan 334
1757094002266 nan 335
1757094002396 nan 336
1757094002530 nan 337
1757094002661 nan 338
1757094002822 nan 339
1757094002954 nan 340
1757094003081 nan 341
1757094003215 nan 342
1757094003348 nan 343
1757094003485 nan 344
1757094003627 nan 345
1757094003763 nan 346
1757094003889 nan 347
1757094004021 nan 348
1757094004164 nan 349
1757094004304 nan 350
1757094004435 nan 351
1757094004571 nan 352
1757094004704 nan 353
1757094004835 nan 354
1757094004963 nan 355
1757094005097 nan 356
1757094005230 nan 357
1757094005360 nan 358
1757094005492 nan 359
1757094005648 nan 360
1757094005781 nan 361
1757094005943 nan 362
1757094006186 nan 363
1757094006362 nan 364
1757094006530 nan 365
1757094006683 nan 366
1757094006817 nan 367
1757094006950 nan 368
1757094007077 nan 369
1757094007213 nan 370
1757094007343 nan 371
1757094007475 nan 372
1757094007607 nan 373
1757094007775 nan 374
1757094008049 nan 375
1757094008490 nan 376
1757094008779 nan 377
1757094009088 nan 378
1757094009254 nan 379
1757094009399 nan 380
1757094009533 nan 381
1757094009677 nan 382
1757094009815 nan 383
1757094009957 nan 384
1757094010088 nan 385
1757094010229 nan 386
1757094010398 nan 387
1757094010539 nan 388
1757094010674 nan 389
1757094010829 nan 390
1757094011101 nan 391
1757094011286 nan 392
1757094011444 nan 393
1757094011587 nan 394
1757094011732 nan 395
1757094011877 nan 396
1757094012022 nan 397
1757094012159 nan 398
1757094012310 nan 399
1757094012494 nan 400
1757094012629 nan 401
1757094012764 nan 402
1757094012901 nan 403
1757094013047 nan 404
1757094013190 nan 405
1757094013328 nan 406
1757094013465 nan 407
1757094013616 nan 408
1757094013742 nan 409
1757094013879 nan 410
1757094014031 nan 411
1757094014177 nan 412
1757094014306 nan 413
1757094014553 nan 414
1757094014717 nan 415
1757094014857 nan 416
1757094014990 nan 417
1757094015135 nan 418
1757094015277 nan 419
1757094015407 nan 420
1757094015558 nan 421
1757094015699 nan 422
1757094015841 nan 423
1757094015987 nan 424
1757094016119 nan 425
1757094016250 nan 426
1757094016386 nan 427
1757094016526 nan 428
1757094016688 nan 429
1757094016838 nan 430
1757094016975 nan 431
1757094017123 nan 432
1757094017274 nan 433
1757094017419 nan 434
1757094017549 nan 435
1757094017699 nan 436
1757094017844 nan 437
1757094017981 nan 438
1757094018117 nan 439
1757094018325 nan 440
1757094018467 nan 441
1757094018596 nan 442
1757094018741 nan 443
1757094018871 nan 444
1757094019000 nan 445
1757094019419 nan 446
1757094019779 nan 447
1757094019926 nan 448
1757094020074 nan 449
1757094020218 nan 450
1757094020346 nan 451
1757094020480 nan 452
1757094020610 nan 453
1757094020751 nan 454
1757094020910 nan 455
1757094021056 nan 456
1757094021185 nan 457
1757094021318 nan 458
1757094021451 nan 459
1757094021580 nan 460
1757094021725 nan 461
1757094021861 nan 462
1757094021999 nan 463
1757094022133 nan 464
1757094022267 nan 465
1757094022415 nan 466
1757094022555 nan 467
1757094022691 nan 468
1757094022835 nan 469
1757094022972 nan 470
1757094023101 nan 471
1757094023233 nan 472
1757094023365 nan 473
1757094023508 nan 474
1757094023648 nan 475
1757094023790 nan 476
1757094023922 nan 477
1757094024065 nan 478
1757094024216 nan 479
1757094024355 nan 480
1757094024495 nan 481
1757094024633 nan 482
1757094024775 nan 483
1757094024931 nan 484
1757094025068 nan 485
1757094025203 nan 486
1757094025331 nan 487
1757094025466 nan 488
1757094025594 nan 489
1757094025730 nan 490
1757094025870 nan 491
1757094026019 nan 492
1757094026155 nan 493
1757094026282 nan 494
1757094026417 nan 495
1757094026570 nan 496
1757094026712 nan 497
1757094026871 nan 498
1757094027138 nan 499
