1757091705978 28352.922330097088 0
1757091706099 22376.798972947316 1
1757091706220 18289.29846847599 2
1757091706333 15236.126404973507 3
1757091706449 12854.922352615884 4
1757091706566 10960.422681479782 5
1757091706676 9438.891199461954 6
1757091706794 8210.781283600165 7
1757091706919 7216.472662921694 8
1757091707040 6409.579744530408 9
1757091707157 5753.489888708634 10
1757091707276 5218.8746819468215 11
1757091707398 4782.3352202517 12
1757091707516 4425.1351661195085 13
1757091707637 4132.166132310732 14
1757091707754 3891.309433840056 15
1757091707874 3692.8053922746817 16
1757091707992 3528.783908966018 17
1757091708108 3392.8902628088604 18
1757091708228 3279.9863419356366 19
1757091708347 3185.91182025087 20
1757091708468 3107.2930589360203 21
1757091708628 3041.390053068724 22
1757091708744 2985.9737378784516 23
1757091708862 2939.2275434414305 24
1757091708981 2899.6683329443745 25
1757091709097 2866.0828481607323 26
1757091709215 2837.4765708512205 27
1757091709356 2813.032532948793 28
1757091709475 2792.0781050485634 29
1757091709593 2774.058188256489 30
1757091709712 2758.5135496848084 31
1757091709821 2745.063293298828 32
1757091709935 2733.3906584760925 33
1757091710048 2723.2314988912785 34
1757091710165 2714.3649224086566 35
1757091710285 2706.605675079527 36
1757091710404 2699.7979342968847 37
1757091710522 2693.8102417847986 38
1757091710647 2688.531359684446 39
1757091710771 2683.8668751626024 40
1757091710891 2679.7364128001946 41
1757091711012 2676.0713411842426 42
1757091711134 2672.8128819557055 43
1757091711254 2669.9105471200774 44
1757091711367 2667.320844555578 45
1757091711487 2665.0062030333866 46
1757091711605 2662.934077238387 47
1757091711724 2661.0762006814343 48
1757091711845 2659.40796037293 49
1757091711966 2657.9078719613235 50
1757091712085 2656.557137952312 51
1757091712207 2655.339274794342 52
1757091712329 2654.2397971874243 53
1757091712452 2653.245950060775 54
1757091712570 2652.346480363429 55
1757091712687 2651.531442195334 56
1757091712804 2650.7920299348543 57
1757091712922 2650.120434940343 58
1757091713041 2649.5097221577894 59
1757091713163 2648.953723584795 60
1757091713285 2648.4469460489063 61
1757091713410 2647.9844911761156 62
1757091713532 2647.561985769796 63
1757091713654 2647.175521104922 64
1757091713771 2646.8215998780934 65
1757091713891 2646.497089749469 66
1757091714009 2646.1991825754367 67
1757091714127 2645.9253585665233 68
1757091714251 2645.6733547185427 69
1757091714372 2645.4411369600703 70
1757091714492 2645.2268755392483 71
1757091714610 2645.0289232403443 72
1757091714727 2644.8457960773467 73
1757091714842 2644.6761561601566 74
1757091714954 2644.5187964699157 75
1757091715065 2644.372627314894 76
1757091715171 2644.236664268228 77
1757091715292 2644.110017414328 78
1757091715410 2643.9918817527155 79
1757091715530 2643.881528626951 80
1757091715710 2643.7782980626357 81
1757091715842 2643.681591912545 82
1757091715949 2643.5908677192524 83
1757091716065 2643.505633216175 84
1757091716188 2643.4254413973163 85
1757091716310 2643.349886094004 86
1757091716427 2643.2785980040876 87
1757091716546 2643.211241125166 88
1757091716653 2643.1475095489745 89
