1757091980297 29600.302724430258 0
1757091980423 23342.091233145682 1
1757091980546 18922.550255744976 2
1757091980717 15572.249367899904 3
1757091980844 12948.199938089101 4
1757091980958 10862.673621591719 5
1757091981081 9194.67277974066 6
1757091981192 7856.557993791925 7
1757091981306 6781.266544971358 8
1757091981420 5916.373945963328 9
1757091981551 5220.3571405158145 10
1757091981672 4659.807133523013 11
1757091981790 4208.107800094659 12
1757091981904 3843.920672273415 13
1757091982020 3550.1240741654165 14
1757091982137 3312.9720310654698 15
1757091982247 3121.42368576204 16
1757091982362 2966.6072869817704 17
1757091982476 2841.391197813286 18
1757091982588 2740.0403047375144 19
1757091982706 2657.940687419057 20
1757091982817 2591.378898019473 21
1757091982930 2537.3649538498858 22
1757091983053 2493.4903365099563 23
1757091983172 2457.814035417606 24
1757091983288 2428.771066080352 25
1757091983406 2405.0990056400824 26
1757091983529 2385.7789770374047 27
1757091983646 2369.988223757196 28
1757091983765 2357.0619854761694 29
1757091983881 2346.462839674048 30
1757091983997 2337.7560382281144 31
1757091984116 2330.589659405259 32
1757091984230 2324.6786290386376 33
1757091984348 2319.791851639672 34
1757091984458 2315.7418420264157 35
1757091984566 2312.3763681585033 36
1757091984676 2309.5717121822836 37
1757091984797 2307.227233945255 38
1757091984914 2305.2609832264593 39
1757091985026 2303.606156681669 40
1757091985141 2302.208235446115 41
1757091985257 2301.022671416654 42
1757091985369 2300.0130160059657 43
1757091985484 2299.1494058706835 44
1757091985597 2298.4073367623796 45
1757091985708 2297.766670036185 46
1757091985824 2297.2108271187476 47
1757091985942 2296.7261359004333 48
1757091986055 2296.3012999894218 49
1757091986177 2295.9269673793924 50
1757091986290 2295.5953796041663 51
1757091986401 2295.3000860956813 52
1757091986532 2295.035711397911 53
1757091986654 2294.797765256748 54
1757091986771 2294.5824875153485 55
1757091986889 2294.3867212851947 56
1757091987002 2294.207809106839 57
1757091987115 2294.0435078186697 58
1757091987235 2293.8919186634635 59
1757091987358 2293.751429818326 60
1757091987481 2293.6206690640074 61
1757091987598 2293.4984647386223 62
1757091987763 2293.3838134681537 63
1757091987883 2293.2758534474165 64
1757091988002 2293.1738422731046 65
1757091988121 2293.0771385154017 66
1757091988236 2292.9851863646004 67
1757091988350 2292.8975028109576 68
1757091988458 2292.813666914923 69
1757091988575 2292.733310805379 70
1757091988707 2292.6561121089203 71
1757091988821 2292.581787566613 72
1757091988925 2292.5100876380507 73
1757091989027 2292.4407919280643 74
1757091989141 2292.3737053003656 75
1757091989260 2292.308654566134 76
1757091989381 2292.2454856549084 77
1757091989502 2292.184061191089 78
1757091989622 2292.124258412355 79
1757091989746 2292.065967377072 80
1757091989862 2292.0090894165382 81
1757091989979 2291.9535357952554 82
1757091990103 2291.899226548352 83
1757091990219 2291.8460894702994 84
1757091990338 2291.7940592331697 85
1757091990458 2291.743076616077 86
1757091990571 2291.693087830322 87
1757091990691 2291.6440439271014 88
1757091990810 2291.595900276634 89
1757091990929 2291.548616109206 90
1757091991047 2291.5021541100296 91
1757091991159 2291.456480060991 92
1757091991279 2291.4115625233094 93
1757091991399 2291.3673725560125 94
1757091991508 2291.323883465799 95
1757091991623 2291.2810705844763 96
1757091991740 2291.23891107066 97
1757091991861 2291.1973837328756 98
1757091991980 2291.156468871546 99
1757091992099 2291.116148137694 100
1757091992218 2291.0764044064513 101
1757091992337 2291.037221663704 102
1757091992456 2290.9985849043987 103
1757091992562 2290.9604800412453 104
1757091992674 2290.9228938226424 105
1757091992794 2290.88581375887 106
1757091992914 2290.849228055619 107
1757091993037 2290.813125554109 108
1757091993158 2290.7774956770827 109
1757091993278 2290.7423283800645 110
1757091993395 2290.70761410733 111
1757091993510 2290.6733437521198 112
1757091993626 2290.6395086206353 113
1757091993747 2290.606100399452 114
1757091993866 2290.573111125994 115
1757091993982 2290.5405331617644 116
1757091994109 2290.508359168062 117
1757091994227 2290.476582083924 118
1757091994344 2290.4451951060846 119
1757091994462 2290.4141916707545 120
1757091994571 2290.3835654370273 121
1757091994735 2290.3533102717765 122
1757091994850 2290.3234202358776 123
1757091994972 2290.293889571645 124
1757091995092 2290.264712691354 125
1757091995212 2290.2358841667547 126
1757091995321 2290.207398719477 127
1757091995440 2290.17925121225 128
1757091995560 2290.151436640846 129
1757091995681 2290.1239501266996 130
1757091995798 2290.0967869101255 131
1757091995917 2290.069942344081 132
1757091996040 2290.0434118884377 133
1757091996158 2290.017191104687 134
1757091996283 2289.9912756510785 135
1757091996399 2289.9656612781123 136
1757091996516 2289.9403438243867 137
1757091996635 2289.9153192127465 138
1757091996752 2289.8905834467205 139
1757091996868 2289.866132607214 140
1757091996985 2289.841962849436 141
1757091997103 2289.8180704000424 142
1757091997217 2289.7944515544755 143
1757091997338 2289.771102674487 144
1757091997455 2289.7480201858134 145
1757091997574 2289.7252005760192 146
1757091997693 2289.7026403924656 147
1757091997811 2289.6803362404053 148
1757091997922 2289.6582847812056 149
1757091998034 2289.636482730664 150
1757091998149 2289.6149268574295 151
1757091998267 2289.593613981516 152
1757091998389 2289.5725409728907 153
1757091998507 2289.5517047501503 154
1757091998622 2289.531102279256 155
1757091998738 2289.5107305723436 156
1757091998855 2289.4905866865897 157
1757091998966 2289.4706677231343 158
1757091999084 2289.450970826052 159
1757091999203 2289.431493181382 160
1757091999319 2289.412232016185 161
1757091999435 2289.3931845976617 162
1757091999549 2289.3743482322925 163
1757091999666 2289.355720265022 164
1757091999774 2289.337298078476 165
1757091999892 2289.3190790922104 166
1757092000013 2289.301060761982 167
1757092000126 2289.2832405790596 168
1757092000246 2289.2656160695446 169
1757092000357 2289.248184793732 170
1757092000463 2289.23094434548 171
1757092000574 2289.21389235161 172
1757092000689 2289.1970264713195 173
1757092000807 2289.1803443956205 174
1757092000941 2289.1638438467876 175
1757092001061 2289.147522577834 176
1757092001180 2289.131378371985 177
1757092001295 2289.115409042191 178
1757092001411 2289.099612430628 179
1757092001532 2289.083986408234 180
1757092001653 2289.0685288742443 181
1757092001771 2289.0532377557415 182
1757092001892 2289.038111007223 183
1757092002012 2289.02314661017 184
1757092002130 2289.0083425726343 185
1757092002254 2288.9936969288315 186
1757092002399 2288.979207738743 187
1757092002513 2288.964873087732 188
1757092002629 2288.9506910861614 189
1757092002744 2288.9366598690235 190
1757092002862 2288.9227775955787 191
1757092002978 2288.909042449001 192
1757092003100 2288.895452636026 193
1757092003211 2288.882006386617 194
1757092003330 2288.868701953625 195
1757092003449 2288.8555376124655 196
1757092003567 2288.842511660795 197
1757092003683 2288.829622418199 198
1757092003805 2288.8168682258784 199
1757092003917 2288.804247446353 200
1757092004034 2288.7917584631573 201
1757092004154 2288.7793996805517 202
1757092004275 2288.767169523233 203
1757092004390 2288.7550664360574 204
1757092004510 2288.7430888837557 205
1757092004629 2288.7312353506654 206
1757092004740 2288.7195043404636 207
1757092004858 2288.7078943758997 208
1757092004976 2288.6964039985387 209
1757092005092 2288.685031768508 210
1757092005211 2288.673776264242 211
1757092005327 2288.6626360822384 212
1757092005442 2288.6516098368165 213
1757092005560 2288.640696159874 214
1757092005669 2288.6298937006572 215
1757092005785 2288.619201125524 216
1757092005901 2288.6086171177208 217
1757092006017 2288.5981403771516 218
1757092006137 2288.587769620164 219
1757092006262 2288.577503579327 220
1757092006371 2288.567341003218 221
1757092006490 2288.5572806562095 222
1757092006610 2288.547321318263 223
1757092006725 2288.537461784722 224
1757092006841 2288.527700866111 225
1757092006957 2288.518037387936 226
1757092007070 2288.5084701904884 227
1757092007196 2288.498998128649 228
1757092007313 2288.4896200717017 229
1757092007434 2288.4803349031404 230
1757092007550 2288.4711415204865 231
1757092007668 2288.4620388351063 232
1757092007786 2288.45302577203 233
1757092007905 2288.444101269771 234
1757092008020 2288.435264280158 235
1757092008139 2288.4265137681546 236
1757092008265 2288.4178487116915 237
1757092008389 2288.4092681015018 238
1757092008514 2288.4007709409484 239
1757092008636 2288.3923562458685 240
1757092008754 2288.3840230444066 241
1757092008869 2288.375770376856 242
1757092008976 2288.3675972955048 243
1757092009086 2288.359502864479 244
1757092009226 2288.3514861595895 245
1757092009333 2288.343546268184 246
1757092009448 2288.335682288996 247
1757092009558 2288.327893331999 248
1757092009674 2288.32017851826 249
1757092009793 2288.312536979804 250
1757092009910 2288.3049678594634 251
1757092010028 2288.297470310745 252
1757092010146 2288.290043497693 253
1757092010268 2288.282686594753 254
1757092010387 2288.2753987866367 255
1757092010502 2288.2681792681938 256
1757092010623 2288.2610272442776 257
1757092010750 2288.253941929622 258
1757092010860 2288.246922548712 259
1757092010976 2288.2399683356607 260
1757092011098 2288.233078534082 261
1757092011221 2288.2262523969744 262
1757092011339 2288.2194891865993 263
1757092011463 2288.2127881743595 264
1757092011583 2288.2061486406897 265
1757092011706 2288.1995698749315 266
1757092011826 2288.1930511752275 267
1757092011950 2288.1865918484073 268
1757092012061 2288.180191209874 269
1757092012178 2288.1738485834976 270
1757092012295 2288.167563301506 271
1757092012406 2288.161334704379 272
1757092012540 2288.155162140743 273
1757092012656 2288.1490449672665 274
1757092012774 2288.1429825485593 275
1757092012888 2288.1369742570696 276
1757092013016 2288.1310194729867 277
1757092013120 2288.1251175841394 278
1757092013241 2288.1192679859028 279
1757092013357 2288.1134700810976 280
1757092013477 2288.1077232799 281
1757092013597 2288.1020269997457 282
1757092013716 2288.0963806652376 283
1757092013860 2288.0907837080567 284
1757092013982 2288.0852355668712 285
1757092014156 2288.0797356872467 286
1757092014276 2288.074283521559 287
1757092014396 2288.068878528911 288
1757092014513 2288.063520175042 289
1757092014633 2288.058207932248 290
1757092014747 2288.052941279298 291
1757092014864 2288.047719701348 292
1757092014990 2288.042542689864 293
1757092015111 2288.037409742544 294
1757092015220 2288.032320363232 295
1757092015330 2288.0272740618466 296
1757092015441 2288.0222703543027 297
1757092015553 2288.0173087624325 298
1757092015667 2288.012388813916 299
1757092015840 2288.0075100422005 300
1757092015949 2288.0026719864345 301
1757092016071 2287.99787419139 302
1757092016191 2287.993116207396 303
1757092016308 2287.988397590264 304
1757092016432 2287.983717901222 305
1757092016550 2287.9790767068444 306
1757092016672 2287.9744735789855 307
1757092016792 2287.969908094712 308
1757092016907 2287.9653798362388 309
1757092017026 2287.9608883908604 310
1757092017138 2287.9564333508924 311
1757092017260 2287.9520143136015 312
1757092017378 2287.9476308811504 313
1757092017495 2287.94328266053 314
1757092017636 2287.9389692635004 315
1757092017757 2287.9346903065343 316
1757092017870 2287.930445410752 317
1757092017988 2287.9262342018646 318
1757092018109 2287.922056310121 319
1757092018223 2287.917911370245 320
1757092018344 2287.913799021379 321
1757092018459 2287.9097189070335 322
1757092018576 2287.905670675026 323
1757092018692 2287.901653977433 324
1757092018810 2287.8976684705317 325
1757092018929 2287.8937138147485 326
1757092019049 2287.889789674608 327
1757092019161 2287.885895718679 328
1757092019282 2287.8820316195292 329
1757092019400 2287.8781970536666 330
1757092019514 2287.874391701498 331
1757092019631 2287.870615247276 332
1757092019741 2287.8668673790507 333
1757092019862 2287.8631477886233 334
1757092019981 2287.8594561715 335
1757092020094 2287.8557922268405 336
1757092020210 2287.852155657421 337
1757092020326 2287.848546169581 338
1757092020447 2287.84496347318 339
1757092020568 2287.841407281559 340
1757092020693 2287.8378773114887 341
1757092020810 2287.834373283134 342
1757092020925 2287.8308949200064 343
1757092021043 2287.8274419489235 344
1757092021161 2287.8240140999715 345
1757092021334 2287.820611106457 346
1757092021450 2287.8172327048715 347
1757092021561 2287.8138786348536 348
1757092021680 2287.810548639144 349
1757092021803 2287.807242463552 350
1757092021926 2287.803959856913 351
1757092022046 2287.8007005710533 352
1757092022167 2287.7974643607527 353
1757092022289 2287.794250983706 354
1757092022402 2287.791060200489 355
1757092022516 2287.7878917745206 356
1757092022635 2287.784745472029 357
1757092022748 2287.7816210620135 358
1757092022863 2287.778518316215 359
1757092022976 2287.775437009078 360
1757092023094 2287.7723769177173 361
1757092023209 2287.7693378218873 362
1757092023324 2287.766319503947 363
1757092023450 2287.763321748827 364
1757092023568 2287.760344343999 365
1757092023688 2287.7573870794454 366
1757092023800 2287.7544497476233 367
1757092023915 2287.7515321434403 368
1757092024038 2287.74863406422 369
1757092024160 2287.7457553096706 370
1757092024278 2287.74289568186 371
1757092024387 2287.7400549851827 372
1757092024507 2287.7372330263333 373
1757092024612 2287.7344296142765 374
1757092024717 2287.731644560219 375
1757092024819 2287.7288776775813 376
1757092024928 2287.726128781974 377
1757092025037 2287.7233976911643 378
1757092025149 2287.720684225057 379
1757092025265 2287.7179882056607 380
1757092025375 2287.715309457065 381
1757092025483 2287.7112241935674 382
1757092025600 2287.708493336614 383
