1757158696390 nan 0
1757158696786 nan 1
1757158696962 nan 2
1757158697095 nan 3
1757158697240 nan 4
1757158697404 nan 5
1757158697531 nan 6
1757158697664 nan 7
1757158697816 nan 8
1757158697953 nan 9
1757158698087 nan 10
1757158698257 nan 11
1757158698394 nan 12
1757158698524 nan 13
1757158698653 nan 14
1757158698797 nan 15
1757158698932 nan 16
1757158699063 nan 17
1757158699189 nan 18
1757158699341 nan 19
1757158699556 nan 20
1757158699686 nan 21
1757158699817 nan 22
1757158699950 nan 23
1757158700081 nan 24
1757158700216 nan 25
1757158700353 nan 26
1757158700483 nan 27
1757158700626 nan 28
1757158700894 nan 29
1757158701105 nan 30
1757158701238 nan 31
1757158701368 nan 32
1757158701526 nan 33
1757158701770 nan 34
1757158701979 nan 35
1757158702196 nan 36
1757158702362 nan 37
1757158702500 nan 38
1757158702629 nan 39
1757158702762 nan 40
1757158702889 nan 41
1757158703024 nan 42
1757158703201 nan 43
1757158703331 nan 44
1757158703455 nan 45
1757158703592 nan 46
1757158703769 nan 47
1757158703896 nan 48
1757158704029 nan 49
1757158704165 nan 50
1757158704294 nan 51
1757158704419 nan 52
1757158704557 nan 53
1757158704692 nan 54
1757158704846 nan 55
1757158705084 nan 56
1757158705205 nan 57
1757158705339 nan 58
1757158705471 nan 59
1757158705596 nan 60
1757158705738 nan 61
1757158705908 nan 62
1757158706043 nan 63
1757158706216 nan 64
1757158706348 nan 65
1757158706526 nan 66
1757158706728 nan 67
1757158706890 nan 68
1757158707048 nan 69
1757158707187 nan 70
1757158707330 nan 71
1757158707458 nan 72
1757158707623 nan 73
1757158707786 nan 74
1757158707994 nan 75
1757158708133 nan 76
1757158708263 nan 77
1757158708397 nan 78
1757158708525 nan 79
1757158708711 nan 80
1757158708858 nan 81
1757158708987 nan 82
1757158709118 nan 83
1757158709243 nan 84
1757158709371 nan 85
1757158709496 nan 86
1757158709648 nan 87
1757158709812 nan 88
1757158709958 nan 89
1757158710185 nan 90
1757158710343 nan 91
1757158710520 nan 92
1757158710660 nan 93
1757158710794 nan 94
1757158710946 nan 95
1757158711082 nan 96
1757158711220 nan 97
1757158711361 nan 98
1757158711521 nan 99
1757158711726 nan 100
1757158711929 nan 101
1757158712164 nan 102
1757158712311 nan 103
1757158712472 nan 104
1757158712667 nan 105
1757158712829 nan 106
1757158712988 nan 107
1757158713139 nan 108
1757158713305 nan 109
1757158713453 nan 110
1757158713623 nan 111
1757158713774 nan 112
1757158713945 nan 113
1757158714262 nan 114
1757158714513 nan 115
1757158714717 nan 116
1757158714971 nan 117
1757158715171 nan 118
1757158715375 nan 119
1757158715515 nan 120
1757158715656 nan 121
1757158715836 nan 122
1757158715991 nan 123
1757158716144 nan 124
1757158716322 nan 125
1757158716471 nan 126
1757158716635 nan 127
1757158716793 nan 128
1757158716932 nan 129
1757158717081 nan 130
1757158717230 nan 131
1757158717423 nan 132
1757158717615 nan 133
1757158717795 nan 134
1757158717978 nan 135
1757158718169 nan 136
1757158718427 nan 137
1757158718626 nan 138
1757158718803 nan 139
1757158718994 nan 140
1757158719159 nan 141
1757158719514 nan 142
