1757094175211 nan 0
1757094175471 nan 1
1757094175630 nan 2
1757094175805 nan 3
1757094175981 nan 4
1757094176206 nan 5
1757094176346 nan 6
1757094176478 nan 7
1757094176615 nan 8
1757094176757 nan 9
1757094176894 nan 10
1757094177028 nan 11
1757094177188 nan 12
1757094177325 nan 13
1757094177462 nan 14
1757094177604 nan 15
1757094177771 nan 16
1757094177917 nan 17
1757094178070 nan 18
1757094178396 nan 19
1757094178671 nan 20
1757094178863 nan 21
1757094179024 nan 22
1757094179223 nan 23
1757094179388 nan 24
1757094179719 nan 25
1757094179836 nan 26
1757094179984 nan 27
1757094180132 nan 28
1757094180274 nan 29
1757094180415 nan 30
1757094180578 nan 31
1757094180737 nan 32
1757094180882 nan 33
1757094181025 nan 34
1757094181186 nan 35
1757094181323 nan 36
1757094181464 nan 37
1757094181617 nan 38
1757094181760 nan 39
1757094181899 nan 40
1757094182049 nan 41
1757094182199 nan 42
1757094182350 nan 43
1757094182541 nan 44
1757094182697 nan 45
1757094182834 nan 46
1757094183068 nan 47
1757094183208 nan 48
1757094183354 nan 49
1757094183510 nan 50
1757094183663 nan 51
1757094183803 nan 52
1757094183948 nan 53
1757094184103 nan 54
1757094184257 nan 55
1757094184397 nan 56
1757094184535 nan 57
1757094184697 nan 58
1757094184849 nan 59
1757094184995 nan 60
1757094185204 nan 61
1757094185403 nan 62
1757094185546 nan 63
1757094185683 nan 64
1757094185854 nan 65
1757094186007 nan 66
1757094186152 nan 67
1757094186298 nan 68
1757094186473 nan 69
1757094186628 nan 70
1757094186775 nan 71
1757094186922 nan 72
1757094187074 nan 73
1757094187216 nan 74
1757094187387 nan 75
1757094187548 nan 76
1757094187737 nan 77
1757094187894 nan 78
1757094188035 nan 79
1757094188228 nan 80
1757094188421 nan 81
1757094188618 nan 82
1757094188772 nan 83
1757094188917 nan 84
1757094189085 nan 85
1757094189235 nan 86
1757094189388 nan 87
1757094189538 nan 88
1757094189680 nan 89
1757094189815 nan 90
1757094189955 nan 91
1757094190099 nan 92
1757094190240 nan 93
1757094190380 nan 94
1757094190525 nan 95
1757094190661 nan 96
1757094190801 nan 97
1757094190967 nan 98
1757094191117 nan 99
1757094191256 nan 100
1757094191388 nan 101
1757094191539 nan 102
1757094191677 nan 103
1757094191809 nan 104
1757094191938 nan 105
1757094192073 nan 106
1757094192217 nan 107
1757094192355 nan 108
1757094192504 nan 109
1757094192659 nan 110
1757094192802 nan 111
1757094192941 nan 112
1757094193097 nan 113
1757094193249 nan 114
1757094193466 nan 115
1757094193628 nan 116
1757094193777 nan 117
1757094193913 nan 118
1757094194049 nan 119
1757094194205 nan 120
1757094194339 nan 121
1757094194474 nan 122
1757094194611 nan 123
1757094194742 nan 124
1757094194877 nan 125
1757094195018 nan 126
1757094195171 nan 127
1757094195296 nan 128
1757094195423 nan 129
1757094195555 nan 130
1757094195717 nan 131
1757094195864 nan 132
1757094196007 nan 133
1757094196149 nan 134
1757094196292 nan 135
1757094196415 nan 136
1757094196547 nan 137
1757094196682 nan 138
1757094196815 nan 139
1757094196953 nan 140
1757094197092 nan 141
1757094197223 nan 142
1757094197363 nan 143
1757094197492 nan 144
1757094197636 nan 145
1757094197790 nan 146
1757094197947 nan 147
1757094198084 nan 148
1757094198216 nan 149
1757094198351 nan 150
1757094198489 nan 151
1757094198632 nan 152
1757094198763 nan 153
1757094198907 nan 154
1757094199052 nan 155
1757094199187 nan 156
1757094199334 nan 157
1757094199498 nan 158
1757094199634 nan 159
1757094199768 nan 160
1757094199909 nan 161
1757094200045 nan 162
1757094200205 nan 163
1757094200371 nan 164
1757094200521 nan 165
1757094200663 nan 166
1757094200805 nan 167
1757094200952 nan 168
1757094201090 nan 169
1757094201247 nan 170
1757094201432 nan 171
1757094201569 nan 172
1757094201725 nan 173
1757094201927 nan 174
1757094202071 nan 175
1757094202282 nan 176
1757094202429 nan 177
1757094202610 nan 178
1757094202751 nan 179
1757094202882 nan 180
1757094203034 nan 181
1757094203220 nan 182
1757094203369 nan 183
1757094203520 nan 184
1757094203718 nan 185
1757094203856 nan 186
1757094203991 nan 187
1757094204149 nan 188
1757094204283 nan 189
1757094204420 nan 190
1757094204550 nan 191
1757094204680 nan 192
1757094204844 nan 193
1757094204984 nan 194
1757094205141 nan 195
1757094205280 nan 196
1757094205410 nan 197
1757094205540 nan 198
1757094205673 nan 199
1757094205799 nan 200
1757094205943 nan 201
1757094206078 nan 202
1757094206207 nan 203
1757094206358 nan 204
1757094206497 nan 205
1757094206625 nan 206
1757094206763 nan 207
1757094206909 nan 208
1757094207038 nan 209
1757094207171 nan 210
1757094207302 nan 211
1757094207426 nan 212
1757094207555 nan 213
1757094207687 nan 214
1757094207851 nan 215
1757094208007 nan 216
1757094208160 nan 217
1757094208334 nan 218
1757094208463 nan 219
1757094208602 nan 220
1757094208729 nan 221
1757094208890 nan 222
1757094209043 nan 223
1757094209185 nan 224
1757094209327 nan 225
1757094209484 nan 226
1757094209616 nan 227
1757094209746 nan 228
1757094209883 nan 229
1757094210009 nan 230
1757094210167 nan 231
1757094210439 nan 232
1757094210607 nan 233
1757094210760 nan 234
1757094210890 nan 235
1757094211049 nan 236
1757094211191 nan 237
1757094211322 nan 238
1757094211452 nan 239
1757094211580 nan 240
1757094211734 nan 241
1757094211867 nan 242
1757094211993 nan 243
1757094212150 nan 244
1757094212290 nan 245
1757094212432 nan 246
1757094212573 nan 247
1757094212723 nan 248
1757094212856 nan 249
1757094213006 nan 250
1757094213154 nan 251
1757094213298 nan 252
1757094213439 nan 253
1757094213589 nan 254
1757094213738 nan 255
1757094213869 nan 256
1757094214026 nan 257
1757094214196 nan 258
1757094214332 nan 259
1757094214467 nan 260
1757094214626 nan 261
1757094214754 nan 262
1757094214888 nan 263
1757094215024 nan 264
1757094215154 nan 265
1757094215307 nan 266
1757094215441 nan 267
1757094215598 nan 268
1757094215736 nan 269
1757094215874 nan 270
1757094216021 nan 271
1757094216291 nan 272
1757094216433 nan 273
1757094216571 nan 274
1757094216743 nan 275
1757094216896 nan 276
1757094217037 nan 277
1757094217183 nan 278
1757094217369 nan 279
1757094217500 nan 280
1757094217656 nan 281
1757094217814 nan 282
1757094218002 nan 283
1757094218130 nan 284
1757094218275 nan 285
1757094218456 nan 286
1757094218620 nan 287
1757094218765 nan 288
1757094218972 nan 289
1757094219114 nan 290
1757094219282 nan 291
1757094219442 nan 292
1757094219608 nan 293
1757094219793 nan 294
1757094219938 nan 295
1757094220102 nan 296
1757094220269 nan 297
1757094220415 nan 298
1757094220553 nan 299
1757094220718 nan 300
1757094220856 nan 301
1757094220993 nan 302
1757094221143 nan 303
1757094221311 nan 304
1757094221460 nan 305
1757094221616 nan 306
1757094221757 nan 307
1757094222068 nan 308
1757094222239 nan 309
1757094222409 nan 310
1757094222574 nan 311
1757094222746 nan 312
1757094222887 nan 313
1757094223032 nan 314
1757094223172 nan 315
1757094223308 nan 316
1757094223448 nan 317
1757094223605 nan 318
1757094223751 nan 319
1757094223897 nan 320
1757094224098 nan 321
1757094224398 nan 322
1757094224554 nan 323
1757094224718 nan 324
1757094224910 nan 325
1757094225089 nan 326
1757094225309 nan 327
1757094225482 nan 328
1757094225642 nan 329
1757094225862 nan 330
1757094226094 nan 331
1757094226247 nan 332
1757094226399 nan 333
1757094226549 nan 334
1757094226709 nan 335
1757094226884 nan 336
1757094227086 nan 337
1757094227251 nan 338
1757094227394 nan 339
1757094227532 nan 340
1757094227666 nan 341
1757094227859 nan 342
1757094227997 nan 343
1757094228142 nan 344
1757094228320 nan 345
1757094228484 nan 346
1757094228642 nan 347
1757094228814 nan 348
1757094228976 nan 349
1757094229128 nan 350
1757094229277 nan 351
1757094229466 nan 352
1757094229675 nan 353
1757094229818 nan 354
1757094229967 nan 355
1757094230112 nan 356
1757094230270 nan 357
1757094230407 nan 358
1757094230598 nan 359
1757094230762 nan 360
1757094230932 nan 361
1757094231111 nan 362
1757094231372 nan 363
1757094231619 nan 364
1757094231772 nan 365
1757094231909 nan 366
1757094232071 nan 367
1757094232232 nan 368
1757094232375 nan 369
1757094232513 nan 370
1757094232655 nan 371
1757094232812 nan 372
1757094233016 nan 373
1757094233287 nan 374
1757094233450 nan 375
1757094233751 nan 376
1757094233988 nan 377
1757094234180 nan 378
1757094234410 nan 379
1757094234656 nan 380
1757094234999 nan 381
1757094235139 nan 382
1757094235284 nan 383
1757094235464 nan 384
1757094235633 nan 385
1757094235779 nan 386
1757094235951 nan 387
1757094236100 nan 388
1757094236247 nan 389
1757094236395 nan 390
1757094236534 nan 391
1757094236702 nan 392
1757094236852 nan 393
1757094237025 nan 394
1757094237173 nan 395
1757094237322 nan 396
1757094237530 nan 397
1757094237865 nan 398
1757094238110 nan 399
1757094238461 nan 400
1757094238653 nan 401
1757094238931 nan 402
1757094239106 nan 403
1757094239286 nan 404
1757094239454 nan 405
1757094239628 nan 406
1757094239773 nan 407
1757094239928 nan 408
1757094240109 nan 409
1757094240259 nan 410
1757094240418 nan 411
1757094240576 nan 412
1757094240722 nan 413
1757094240867 nan 414
1757094241018 nan 415
1757094241173 nan 416
1757094241339 nan 417
1757094241508 nan 418
1757094241665 nan 419
1757094241836 nan 420
1757094241985 nan 421
1757094242127 nan 422
1757094242293 nan 423
1757094242473 nan 424
1757094242763 nan 425
1757094242944 nan 426
1757094243107 nan 427
1757094243393 nan 428
1757094243655 nan 429
1757094243856 nan 430
1757094244022 nan 431
1757094244199 nan 432
1757094244364 nan 433
1757094244526 nan 434
1757094244675 nan 435
1757094244828 nan 436
1757094244978 nan 437
1757094245131 nan 438
1757094245272 nan 439
1757094245413 nan 440
1757094245554 nan 441
1757094245707 nan 442
1757094245859 nan 443
1757094246004 nan 444
1757094246154 nan 445
1757094246305 nan 446
1757094246443 nan 447
1757094246604 nan 448
1757094246764 nan 449
1757094246920 nan 450
1757094247410 nan 451
1757094247572 nan 452
1757094247917 nan 453
1757094248087 nan 454
1757094248287 nan 455
1757094248473 nan 456
1757094248630 nan 457
1757094248820 nan 458
1757094248995 nan 459
1757094249196 nan 460
1757094249351 nan 461
1757094249498 nan 462
1757094249654 nan 463
1757094249801 nan 464
1757094249944 nan 465
1757094250142 nan 466
1757094250284 nan 467
1757094250436 nan 468
1757094250610 nan 469
1757094250772 nan 470
1757094251008 nan 471
1757094251199 nan 472
1757094251391 nan 473
1757094251612 nan 474
1757094251775 nan 475
1757094251923 nan 476
1757094252118 nan 477
1757094252314 nan 478
1757094252687 nan 479
1757094252816 nan 480
1757094252974 nan 481
1757094253143 nan 482
1757094253353 nan 483
1757094253536 nan 484
1757094253700 nan 485
1757094253878 nan 486
1757094254028 nan 487
1757094254206 nan 488
1757094254380 nan 489
1757094254533 nan 490
1757094254702 nan 491
1757094254871 nan 492
1757094255025 nan 493
1757094255174 nan 494
1757094255318 nan 495
1757094255470 nan 496
1757094255641 nan 497
1757094255801 nan 498
1757094255974 nan 499
