1757093879125 nan 0
1757093879266 nan 1
1757093879400 nan 2
1757093879548 nan 3
1757093879746 nan 4
1757093879932 nan 5
1757093880096 nan 6
1757093880239 nan 7
1757093880386 nan 8
1757093880535 nan 9
1757093880688 nan 10
1757093880822 nan 11
1757093880972 nan 12
1757093881120 nan 13
1757093881252 nan 14
1757093881382 nan 15
1757093881514 nan 16
1757093881641 nan 17
1757093881773 nan 18
1757093881907 nan 19
1757093882031 nan 20
1757093882158 nan 21
1757093882289 nan 22
1757093882422 nan 23
1757093882553 nan 24
1757093882678 nan 25
1757093882803 nan 26
1757093882931 nan 27
1757093883068 nan 28
1757093883200 nan 29
1757093883337 nan 30
1757093883545 nan 31
1757093883701 nan 32
1757093883829 nan 33
1757093883953 nan 34
1757093884101 nan 35
1757093884249 nan 36
1757093884384 nan 37
1757093884530 nan 38
1757093884680 nan 39
1757093884815 nan 40
1757093884948 nan 41
1757093885092 nan 42
1757093885228 nan 43
1757093885355 nan 44
1757093885486 nan 45
1757093885624 nan 46
1757093885759 nan 47
1757093885891 nan 48
1757093886029 nan 49
1757093886176 nan 50
1757093886321 nan 51
1757093886464 nan 52
1757093886602 nan 53
1757093886750 nan 54
1757093886893 nan 55
1757093887023 nan 56
1757093887154 nan 57
1757093887286 nan 58
1757093887413 nan 59
1757093887540 nan 60
1757093887672 nan 61
1757093887811 nan 62
1757093887950 nan 63
1757093888087 nan 64
1757093888229 nan 65
1757093888361 nan 66
1757093888498 nan 67
1757093888632 nan 68
1757093888762 nan 69
1757093888897 nan 70
1757093889033 nan 71
1757093889168 nan 72
1757093889321 nan 73
1757093889463 nan 74
1757093889612 nan 75
1757093889750 nan 76
1757093889886 nan 77
1757093890035 nan 78
1757093890181 nan 79
1757093890326 nan 80
1757093890454 nan 81
1757093890590 nan 82
1757093890728 nan 83
1757093890902 nan 84
1757093891054 nan 85
1757093891198 nan 86
1757093891357 nan 87
1757093891488 nan 88
1757093891616 nan 89
1757093891847 nan 90
1757093891948 nan 91
1757093892083 nan 92
1757093892223 nan 93
1757093892363 nan 94
1757093892489 nan 95
1757093892623 nan 96
1757093892754 nan 97
1757093892882 nan 98
1757093893028 nan 99
1757093893158 nan 100
1757093893288 nan 101
1757093893423 nan 102
1757093893559 nan 103
1757093893686 nan 104
1757093893828 nan 105
1757093893961 nan 106
1757093894106 nan 107
1757093894262 nan 108
1757093894409 nan 109
1757093894581 nan 110
1757093894718 nan 111
1757093894860 nan 112
1757093895048 nan 113
1757093895189 nan 114
1757093895326 nan 115
1757093895491 nan 116
1757093895634 nan 117
1757093895779 nan 118
1757093895922 nan 119
1757093896065 nan 120
1757093896201 nan 121
1757093896341 nan 122
1757093896478 nan 123
1757093896671 nan 124
1757093896799 nan 125
1757093896930 nan 126
1757093897067 nan 127
1757093897212 nan 128
1757093897351 nan 129
1757093897483 nan 130
1757093897623 nan 131
1757093897769 nan 132
1757093897900 nan 133
1757093898035 nan 134
1757093898181 nan 135
1757093898327 nan 136
1757093898461 nan 137
1757093898586 nan 138
1757093898710 nan 139
1757093898849 nan 140
1757093898980 nan 141
1757093899121 nan 142
1757093899255 nan 143
1757093899390 nan 144
1757093899531 nan 145
1757093899671 nan 146
1757093899821 nan 147
1757093899962 nan 148
1757093900147 nan 149
1757093900383 nan 150
1757093900542 nan 151
1757093900730 nan 152
1757093900870 nan 153
1757093901026 nan 154
1757093901159 nan 155
1757093901297 nan 156
1757093901453 nan 157
1757093901592 nan 158
1757093901737 nan 159
1757093901876 nan 160
1757093902025 nan 161
1757093902165 nan 162
1757093902331 nan 163
1757093902474 nan 164
1757093902606 nan 165
1757093902746 nan 166
1757093902892 nan 167
1757093903037 nan 168
1757093903178 nan 169
1757093903330 nan 170
1757093903539 nan 171
1757093903680 nan 172
1757093903830 nan 173
1757093904118 nan 174
1757093904414 nan 175
1757093904708 nan 176
1757093904848 nan 177
1757093904989 nan 178
1757093905129 nan 179
1757093905289 nan 180
1757093905434 nan 181
1757093905581 nan 182
1757093905724 nan 183
1757093905875 nan 184
1757093906074 nan 185
1757093906209 nan 186
1757093906343 nan 187
1757093906491 nan 188
1757093906624 nan 189
1757093906833 nan 190
1757093907070 nan 191
1757093907247 nan 192
1757093907401 nan 193
1757093907582 nan 194
1757093907727 nan 195
1757093907872 nan 196
1757093908009 nan 197
1757093908205 nan 198
1757093908381 nan 199
1757093908534 nan 200
1757093908670 nan 201
1757093908829 nan 202
1757093908999 nan 203
1757093909163 nan 204
1757093909477 nan 205
1757093909632 nan 206
1757093909770 nan 207
1757093909918 nan 208
1757093910061 nan 209
1757093910203 nan 210
1757093910341 nan 211
1757093910474 nan 212
1757093910610 nan 213
1757093910746 nan 214
1757093910879 nan 215
1757093911023 nan 216
1757093911167 nan 217
1757093911306 nan 218
1757093911442 nan 219
1757093911579 nan 220
1757093911719 nan 221
1757093911863 nan 222
1757093912004 nan 223
1757093912139 nan 224
1757093912289 nan 225
1757093912429 nan 226
1757093912603 nan 227
1757093912786 nan 228
1757093912933 nan 229
1757093913101 nan 230
1757093913268 nan 231
1757093913428 nan 232
1757093913559 nan 233
1757093913703 nan 234
1757093913847 nan 235
1757093913989 nan 236
1757093914126 nan 237
1757093914256 nan 238
1757093914392 nan 239
1757093914539 nan 240
1757093914680 nan 241
1757093914816 nan 242
1757093914966 nan 243
1757093915110 nan 244
1757093915330 nan 245
1757093915635 nan 246
1757093915778 nan 247
1757093915924 nan 248
1757093916068 nan 249
1757093916220 nan 250
1757093916453 nan 251
1757093916588 nan 252
1757093916727 nan 253
1757093916859 nan 254
1757093917008 nan 255
1757093917161 nan 256
1757093917315 nan 257
1757093917480 nan 258
1757093917640 nan 259
1757093917778 nan 260
1757093917921 nan 261
1757093918140 nan 262
1757093918338 nan 263
1757093918487 nan 264
1757093918625 nan 265
1757093918794 nan 266
1757093918970 nan 267
1757093919128 nan 268
1757093919266 nan 269
1757093919400 nan 270
1757093919534 nan 271
1757093919676 nan 272
1757093919816 nan 273
1757093920013 nan 274
1757093920156 nan 275
1757093920303 nan 276
1757093920439 nan 277
1757093920603 nan 278
1757093920773 nan 279
1757093920930 nan 280
1757093921091 nan 281
1757093921288 nan 282
1757093921428 nan 283
1757093921584 nan 284
1757093921714 nan 285
1757093921846 nan 286
1757093921986 nan 287
1757093922166 nan 288
1757093922301 nan 289
1757093922439 nan 290
1757093922594 nan 291
1757093922729 nan 292
1757093922859 nan 293
1757093923001 nan 294
1757093923142 nan 295
1757093923284 nan 296
1757093923420 nan 297
1757093923559 nan 298
1757093923688 nan 299
1757093923816 nan 300
1757093924021 nan 301
1757093924172 nan 302
1757093924320 nan 303
1757093924501 nan 304
1757093924635 nan 305
1757093924766 nan 306
1757093924902 nan 307
1757093925041 nan 308
1757093925184 nan 309
1757093925321 nan 310
1757093925459 nan 311
1757093925598 nan 312
1757093925733 nan 313
1757093925865 nan 314
1757093925999 nan 315
1757093926137 nan 316
1757093926265 nan 317
1757093926409 nan 318
1757093926556 nan 319
1757093926690 nan 320
1757093926821 nan 321
1757093927073 nan 322
1757093927227 nan 323
1757093927421 nan 324
1757093927561 nan 325
1757093927733 nan 326
1757093927863 nan 327
1757093927996 nan 328
1757093928133 nan 329
1757093928262 nan 330
1757093928388 nan 331
1757093928517 nan 332
1757093928654 nan 333
1757093928784 nan 334
1757093928921 nan 335
1757093929062 nan 336
1757093929192 nan 337
1757093929332 nan 338
1757093929462 nan 339
1757093929586 nan 340
1757093929724 nan 341
1757093929858 nan 342
1757093930031 nan 343
1757093930171 nan 344
1757093930304 nan 345
1757093930435 nan 346
1757093930562 nan 347
1757093930694 nan 348
1757093930833 nan 349
1757093930970 nan 350
1757093931110 nan 351
1757093931234 nan 352
1757093931379 nan 353
1757093931513 nan 354
1757093931644 nan 355
1757093931778 nan 356
1757093931923 nan 357
1757093932051 nan 358
1757093932179 nan 359
1757093932314 nan 360
1757093932442 nan 361
1757093932580 nan 362
1757093932717 nan 363
1757093932851 nan 364
1757093932989 nan 365
1757093933121 nan 366
1757093933255 nan 367
1757093933406 nan 368
1757093933535 nan 369
1757093933660 nan 370
1757093933793 nan 371
1757093933925 nan 372
1757093934059 nan 373
1757093934187 nan 374
1757093934323 nan 375
1757093934462 nan 376
1757093934589 nan 377
1757093934724 nan 378
1757093934861 nan 379
1757093935001 nan 380
1757093935185 nan 381
1757093935417 nan 382
1757093935562 nan 383
1757093935693 nan 384
1757093935823 nan 385
1757093935951 nan 386
1757093936124 nan 387
1757093936284 nan 388
1757093936412 nan 389
1757093936541 nan 390
1757093936676 nan 391
1757093936811 nan 392
1757093936955 nan 393
1757093937101 nan 394
1757093937232 nan 395
1757093937362 nan 396
1757093937494 nan 397
1757093937628 nan 398
1757093937771 nan 399
1757093937907 nan 400
1757093938033 nan 401
1757093938177 nan 402
1757093938329 nan 403
1757093938465 nan 404
1757093938610 nan 405
1757093938751 nan 406
1757093938891 nan 407
1757093939033 nan 408
1757093939192 nan 409
1757093939330 nan 410
1757093939464 nan 411
1757093939595 nan 412
1757093939732 nan 413
1757093939869 nan 414
1757093940010 nan 415
1757093940175 nan 416
1757093940312 nan 417
1757093940438 nan 418
1757093940568 nan 419
1757093940696 nan 420
1757093940850 nan 421
1757093940985 nan 422
1757093941201 nan 423
1757093941365 nan 424
1757093941511 nan 425
1757093941641 nan 426
1757093941784 nan 427
1757093941939 nan 428
1757093942071 nan 429
1757093942218 nan 430
1757093942365 nan 431
1757093942498 nan 432
1757093942635 nan 433
1757093942773 nan 434
1757093942913 nan 435
1757093943031 nan 436
1757093943159 nan 437
1757093943288 nan 438
1757093943421 nan 439
1757093943558 nan 440
1757093943743 nan 441
1757093943895 nan 442
1757093944027 nan 443
1757093944160 nan 444
1757093944346 nan 445
1757093944502 nan 446
1757093944637 nan 447
1757093944767 nan 448
1757093944912 nan 449
1757093945045 nan 450
1757093945183 nan 451
1757093945321 nan 452
1757093945458 nan 453
1757093945599 nan 454
1757093945749 nan 455
1757093945909 nan 456
1757093946051 nan 457
1757093946182 nan 458
1757093946318 nan 459
1757093946448 nan 460
1757093946588 nan 461
1757093946719 nan 462
1757093946851 nan 463
1757093946991 nan 464
1757093947141 nan 465
1757093947321 nan 466
1757093947458 nan 467
1757093947591 nan 468
1757093947728 nan 469
1757093947863 nan 470
1757093948007 nan 471
1757093948137 nan 472
1757093948274 nan 473
1757093948410 nan 474
1757093948542 nan 475
1757093948683 nan 476
1757093948818 nan 477
1757093948947 nan 478
1757093949091 nan 479
1757093949241 nan 480
1757093949375 nan 481
1757093949507 nan 482
1757093949638 nan 483
1757093949778 nan 484
1757093949912 nan 485
1757093950046 nan 486
1757093950186 nan 487
1757093950316 nan 488
1757093950443 nan 489
1757093950577 nan 490
1757093950732 nan 491
1757093950877 nan 492
1757093951026 nan 493
1757093951164 nan 494
1757093951318 nan 495
1757093951452 nan 496
1757093951581 nan 497
1757093951712 nan 498
1757093951855 nan 499
