1757094557823 nan 0
1757094557963 nan 1
1757094558108 nan 2
1757094558248 nan 3
1757094558389 nan 4
1757094558543 nan 5
1757094558681 nan 6
1757094558822 nan 7
1757094558958 nan 8
1757094559095 nan 9
1757094559246 nan 10
1757094559392 nan 11
1757094559526 nan 12
1757094559663 nan 13
1757094559802 nan 14
1757094559935 nan 15
1757094560068 nan 16
1757094560214 nan 17
1757094560358 nan 18
1757094560488 nan 19
1757094560620 nan 20
1757094560816 nan 21
1757094560979 nan 22
1757094561137 nan 23
1757094561292 nan 24
1757094561478 nan 25
1757094561656 nan 26
1757094561817 nan 27
1757094561949 nan 28
1757094562086 nan 29
1757094562222 nan 30
1757094562376 nan 31
1757094562511 nan 32
1757094562649 nan 33
1757094562782 nan 34
1757094562921 nan 35
1757094563060 nan 36
1757094563197 nan 37
1757094563334 nan 38
1757094563460 nan 39
1757094563597 nan 40
1757094563735 nan 41
1757094563865 nan 42
1757094564005 nan 43
1757094564144 nan 44
1757094564279 nan 45
1757094564412 nan 46
1757094564548 nan 47
1757094564679 nan 48
1757094564805 nan 49
1757094564943 nan 50
1757094565110 nan 51
1757094565244 nan 52
1757094565381 nan 53
1757094565511 nan 54
1757094565642 nan 55
1757094565779 nan 56
1757094565912 nan 57
1757094566048 nan 58
1757094566180 nan 59
1757094566317 nan 60
1757094566456 nan 61
1757094566611 nan 62
1757094566751 nan 63
1757094566886 nan 64
1757094567016 nan 65
1757094567178 nan 66
1757094567313 nan 67
1757094567450 nan 68
1757094567590 nan 69
1757094567744 nan 70
1757094567879 nan 71
1757094568016 nan 72
1757094568150 nan 73
1757094568285 nan 74
1757094568416 nan 75
1757094568576 nan 76
1757094568747 nan 77
1757094568892 nan 78
1757094569086 nan 79
1757094569407 nan 80
1757094569549 nan 81
1757094569702 nan 82
1757094569984 nan 83
1757094570255 nan 84
1757094570424 nan 85
1757094570726 nan 86
1757094570909 nan 87
1757094571050 nan 88
1757094571198 nan 89
1757094571346 nan 90
1757094571498 nan 91
1757094571658 nan 92
1757094571851 nan 93
1757094571993 nan 94
1757094572173 nan 95
1757094572327 nan 96
1757094572473 nan 97
1757094572620 nan 98
1757094572755 nan 99
1757094572894 nan 100
1757094573037 nan 101
1757094573177 nan 102
1757094573314 nan 103
1757094573480 nan 104
1757094573617 nan 105
1757094573833 nan 106
1757094574014 nan 107
1757094574153 nan 108
1757094574293 nan 109
1757094574424 nan 110
1757094574562 nan 111
1757094574698 nan 112
1757094574837 nan 113
1757094574989 nan 114
1757094575124 nan 115
1757094575251 nan 116
1757094575382 nan 117
1757094575525 nan 118
1757094575660 nan 119
1757094575799 nan 120
1757094575928 nan 121
1757094576064 nan 122
1757094576221 nan 123
1757094576361 nan 124
1757094576486 nan 125
1757094576619 nan 126
1757094576754 nan 127
1757094576883 nan 128
1757094577035 nan 129
1757094577190 nan 130
1757094577328 nan 131
1757094577463 nan 132
1757094577611 nan 133
1757094577763 nan 134
1757094577897 nan 135
1757094578023 nan 136
1757094578228 nan 137
1757094578360 nan 138
1757094578491 nan 139
1757094578626 nan 140
1757094578763 nan 141
1757094578901 nan 142
1757094579044 nan 143
1757094579186 nan 144
1757094579333 nan 145
1757094579469 nan 146
1757094579634 nan 147
1757094579793 nan 148
1757094579930 nan 149
1757094580072 nan 150
1757094580215 nan 151
1757094580354 nan 152
1757094580491 nan 153
1757094580628 nan 154
1757094580768 nan 155
1757094580924 nan 156
1757094581066 nan 157
1757094581201 nan 158
1757094581348 nan 159
1757094581487 nan 160
1757094581621 nan 161
1757094581777 nan 162
1757094581923 nan 163
1757094582067 nan 164
1757094582213 nan 165
1757094582368 nan 166
1757094582502 nan 167
1757094582640 nan 168
1757094582771 nan 169
1757094582902 nan 170
1757094583044 nan 171
1757094583180 nan 172
1757094583317 nan 173
1757094583467 nan 174
1757094583610 nan 175
1757094583754 nan 176
1757094583887 nan 177
1757094584033 nan 178
1757094584162 nan 179
1757094584293 nan 180
1757094584429 nan 181
1757094584572 nan 182
1757094584706 nan 183
1757094584838 nan 184
1757094584979 nan 185
1757094585114 nan 186
1757094585245 nan 187
1757094585388 nan 188
1757094585536 nan 189
1757094585671 nan 190
1757094585815 nan 191
1757094585959 nan 192
1757094586096 nan 193
1757094586234 nan 194
1757094586377 nan 195
1757094586620 nan 196
1757094586754 nan 197
1757094586885 nan 198
1757094587018 nan 199
1757094587161 nan 200
1757094587294 nan 201
1757094587427 nan 202
1757094587556 nan 203
1757094587689 nan 204
1757094587816 nan 205
1757094587970 nan 206
1757094588112 nan 207
1757094588249 nan 208
1757094588384 nan 209
1757094588519 nan 210
1757094588649 nan 211
1757094588793 nan 212
1757094588930 nan 213
1757094589065 nan 214
1757094589208 nan 215
1757094589341 nan 216
1757094589470 nan 217
1757094589612 nan 218
1757094589757 nan 219
1757094589890 nan 220
1757094590032 nan 221
1757094590166 nan 222
1757094590319 nan 223
1757094590449 nan 224
1757094590584 nan 225
1757094590727 nan 226
1757094590865 nan 227
1757094591004 nan 228
1757094591146 nan 229
1757094591278 nan 230
1757094591423 nan 231
1757094591557 nan 232
1757094591692 nan 233
1757094591830 nan 234
1757094591959 nan 235
1757094592098 nan 236
1757094592225 nan 237
1757094592350 nan 238
1757094592476 nan 239
1757094592606 nan 240
1757094592737 nan 241
1757094592864 nan 242
1757094593013 nan 243
1757094593169 nan 244
1757094593304 nan 245
1757094593448 nan 246
1757094593594 nan 247
1757094593731 nan 248
1757094593865 nan 249
1757094594014 nan 250
1757094594154 nan 251
1757094594296 nan 252
1757094594436 nan 253
1757094594568 nan 254
1757094594702 nan 255
1757094594829 nan 256
1757094595049 nan 257
1757094595178 nan 258
1757094595319 nan 259
1757094595456 nan 260
1757094595591 nan 261
1757094595728 nan 262
1757094595858 nan 263
1757094595993 nan 264
1757094596128 nan 265
1757094596263 nan 266
1757094596503 nan 267
1757094596674 nan 268
1757094596856 nan 269
1757094597048 nan 270
1757094597223 nan 271
1757094597421 nan 272
1757094597566 nan 273
1757094597725 nan 274
1757094597862 nan 275
1757094597991 nan 276
1757094598129 nan 277
1757094598277 nan 278
1757094598518 nan 279
1757094598668 nan 280
1757094598834 nan 281
1757094598977 nan 282
1757094599113 nan 283
1757094599258 nan 284
1757094599398 nan 285
1757094599545 nan 286
1757094599697 nan 287
1757094599825 nan 288
1757094599960 nan 289
1757094600096 nan 290
1757094600233 nan 291
1757094600367 nan 292
1757094600506 nan 293
1757094600644 nan 294
1757094600784 nan 295
1757094600928 nan 296
1757094601065 nan 297
1757094601202 nan 298
1757094601337 nan 299
1757094601468 nan 300
1757094601604 nan 301
1757094601761 nan 302
1757094601910 nan 303
1757094602051 nan 304
1757094602195 nan 305
1757094602339 nan 306
1757094602479 nan 307
1757094602642 nan 308
1757094602791 nan 309
1757094602927 nan 310
1757094603062 nan 311
1757094603208 nan 312
1757094603340 nan 313
1757094603478 nan 314
1757094603612 nan 315
1757094603878 nan 316
1757094604016 nan 317
1757094604155 nan 318
1757094604289 nan 319
1757094604428 nan 320
1757094604563 nan 321
1757094604736 nan 322
1757094604886 nan 323
1757094605044 nan 324
1757094605190 nan 325
1757094605328 nan 326
1757094605470 nan 327
1757094605610 nan 328
1757094605747 nan 329
1757094605890 nan 330
1757094606029 nan 331
1757094606166 nan 332
1757094606307 nan 333
1757094606449 nan 334
1757094606607 nan 335
1757094606746 nan 336
1757094606897 nan 337
1757094607026 nan 338
1757094607158 nan 339
1757094607298 nan 340
1757094607441 nan 341
1757094607579 nan 342
1757094607714 nan 343
1757094607850 nan 344
1757094607984 nan 345
1757094608118 nan 346
1757094608251 nan 347
1757094608395 nan 348
1757094608553 nan 349
1757094608691 nan 350
1757094608824 nan 351
1757094608969 nan 352
1757094609109 nan 353
1757094609251 nan 354
1757094609382 nan 355
1757094609506 nan 356
1757094609636 nan 357
1757094609770 nan 358
1757094609900 nan 359
1757094610034 nan 360
1757094610211 nan 361
1757094610360 nan 362
1757094610489 nan 363
1757094610633 nan 364
1757094610765 nan 365
1757094610920 nan 366
1757094611071 nan 367
1757094611213 nan 368
1757094611356 nan 369
1757094611495 nan 370
1757094611641 nan 371
1757094611776 nan 372
1757094611911 nan 373
1757094612047 nan 374
1757094612271 nan 375
1757094612413 nan 376
1757094612551 nan 377
1757094612699 nan 378
1757094612846 nan 379
1757094612974 nan 380
1757094613111 nan 381
1757094613246 nan 382
1757094613395 nan 383
1757094613528 nan 384
1757094613665 nan 385
1757094613810 nan 386
1757094613944 nan 387
1757094614078 nan 388
1757094614208 nan 389
1757094614342 nan 390
1757094614474 nan 391
1757094614601 nan 392
1757094614733 nan 393
1757094614873 nan 394
1757094614997 nan 395
1757094615131 nan 396
1757094615275 nan 397
1757094615423 nan 398
1757094615561 nan 399
1757094615699 nan 400
1757094615831 nan 401
1757094615966 nan 402
1757094616097 nan 403
1757094616228 nan 404
1757094616358 nan 405
1757094616496 nan 406
1757094616635 nan 407
1757094616777 nan 408
1757094616906 nan 409
1757094617044 nan 410
1757094617194 nan 411
1757094617329 nan 412
1757094617461 nan 413
1757094617595 nan 414
1757094617727 nan 415
1757094617859 nan 416
1757094617995 nan 417
1757094618130 nan 418
1757094618264 nan 419
1757094618394 nan 420
1757094618533 nan 421
1757094618664 nan 422
1757094618797 nan 423
1757094618928 nan 424
1757094619049 nan 425
1757094619180 nan 426
1757094619307 nan 427
1757094619438 nan 428
1757094619579 nan 429
1757094619709 nan 430
1757094619847 nan 431
1757094619975 nan 432
1757094620101 nan 433
1757094620245 nan 434
1757094620458 nan 435
1757094620605 nan 436
1757094620744 nan 437
1757094620890 nan 438
1757094621046 nan 439
1757094621185 nan 440
1757094621323 nan 441
1757094621464 nan 442
1757094621599 nan 443
1757094621756 nan 444
1757094621899 nan 445
1757094622029 nan 446
1757094622164 nan 447
1757094622311 nan 448
1757094622443 nan 449
1757094622579 nan 450
1757094622719 nan 451
1757094622859 nan 452
1757094622990 nan 453
1757094623128 nan 454
1757094623268 nan 455
1757094623403 nan 456
1757094623540 nan 457
1757094623695 nan 458
1757094623863 nan 459
1757094623990 nan 460
1757094624130 nan 461
1757094624282 nan 462
1757094624428 nan 463
1757094624562 nan 464
1757094624693 nan 465
1757094624850 nan 466
1757094625002 nan 467
1757094625146 nan 468
1757094625285 nan 469
1757094625424 nan 470
1757094625569 nan 471
1757094625705 nan 472
1757094625866 nan 473
1757094626018 nan 474
1757094626168 nan 475
1757094626318 nan 476
1757094626464 nan 477
1757094626604 nan 478
1757094626740 nan 479
1757094626880 nan 480
1757094627015 nan 481
1757094627157 nan 482
1757094627300 nan 483
1757094627434 nan 484
1757094627582 nan 485
1757094627725 nan 486
1757094627868 nan 487
1757094628004 nan 488
1757094628144 nan 489
1757094628276 nan 490
1757094628408 nan 491
1757094628557 nan 492
1757094628699 nan 493
1757094628949 nan 494
1757094629082 nan 495
1757094629213 nan 496
1757094629348 nan 497
1757094629482 nan 498
1757094629612 nan 499
