1757092028996 26288.380258541518 0
1757092029112 21358.730409246942 1
1757092029219 17680.609428936135 2
1757092029326 14816.786488936048 3
1757092029438 12539.18359871467 4
1757092029561 10708.721636182068 5
1757092029731 9229.659547213476 6
1757092029850 8030.948504331567 7
1757092029965 7057.332262625968 8
1757092030084 6265.194679308967 9
1757092030206 5619.69235239731 10
1757092030330 5092.849203666731 11
1757092030450 4662.193604443626 12
1757092030572 4309.5062234667275 13
1757092030699 4020.132213075657 14
1757092030809 3782.2337746451867 15
1757092030920 3586.240504868722 16
1757092031036 3424.408567604509 17
1757092031151 3290.466577348201 18
1757092031258 3179.3308702089294 19
1757092031379 3086.8764193897755 20
1757092031493 3009.752426398243 21
1757092031614 2945.2338069095676 22
1757092031733 2891.1015304752664 23
1757092031852 2845.546163596774 24
1757092031963 2807.090078896116 25
1757092032081 2774.524685524655 26
1757092032198 2746.8597518712095 27
1757092032344 2723.282466242812 28
1757092032449 2703.124342551482 29
1757092032572 2685.8344485772113 30
1757092032685 2670.957732046006 31
1757092032795 2658.1174589480133 32
1757092032917 2647.0009707576837 33
1757092033039 2637.3481217552644 34
1757092033161 2628.9418819077555 35
1757092033276 2621.600690703452 36
1757092033390 2615.172227727456 37
1757092033510 2609.5283304543473 38
1757092033627 2604.5608418002453 39
1757092033745 2600.1782118950255 40
1757092033865 2596.302712294736 41
1757092033986 2592.868148051494 42
1757092034105 2589.8179749769874 43
1757092034227 2587.1037471074264 44
1757092034346 2584.683833631607 45
1757092034475 2582.522356046082 46
1757092034597 2580.588305588155 47
1757092034719 2578.8548084995596 48
1757092034841 2577.298512737876 49
1757092034958 2575.8990746578056 50
1757092035072 2574.6387281549296 51
1757092035191 2573.501921981061 52
1757092035313 2572.4750135481886 53
1757092035436 2571.546009654569 54
1757092035560 2570.7043462859624 55
1757092035677 2569.940701043439 56
1757092035791 2569.2468328879418 57
1757092035910 2568.6154448202547 58
1757092036025 2568.0400658731364 59
1757092036131 2567.514949412306 60
1757092036250 2567.034985250751 61
1757092036370 2566.59562349747 62
1757092036480 2566.1928084042543 63
1757092036597 2565.8229207562204 64
1757092036714 2565.482727584654 65
1757092036831 2565.169338173382 66
1757092036953 2564.8801654895715 67
1757092037072 2564.6128923026495 68
1757092037189 2564.3654413657046 69
1757092037328 2564.1359491260787 70
