1757091636105 26479.35922330097 0
1757091636245 21497.20801245359 1
1757091636358 17770.68525797252 2
1757091636467 14858.012888972553 3
1757091636582 12533.346145836647 4
1757091636693 10659.35943710555 5
1757091636799 9141.54321676142 6
1757091636906 7909.429220001042 7
1757091637011 6908.327437671417 8
1757091637119 6094.24454119024 9
1757091637226 5431.969529868321 10
1757091637341 4893.025714005206 11
1757091637458 4454.430855090666 12
1757091637576 4097.310006885502 13
1757091637695 3806.443286652488 14
1757091637815 3569.465518883155 15
1757091637931 3376.3279366987313 16
1757091638045 3218.8626160844346 17
1757091638164 3090.4293556541065 18
1757091638277 2985.6291268404316 19
1757091638398 2900.0714316102767 20
1757091638518 2830.1853740937595 21
1757091638629 2773.066204675127 22
1757091638747 2726.350659621262 23
1757091638866 2688.115681355281 24
1757091638984 2656.796125655986 25
1757091639099 2631.117889588648 26
1757091639212 2610.0435650832715 27
1757091639332 2592.728267565028 28
1757091639450 2578.483730910725 29
1757091639593 2566.749118657801 30
1757091639702 2557.0672925393046 31
1757091639836 2549.065515791702 32
1757091639955 2542.439760605634 33
1757091640078 2536.9419449357765 34
1757091640196 2532.3695504472876 35
1757091640317 2528.557176163949 36
1757091640496 2525.3696658694957 37
1757091640609 2522.6965151282075 38
1757091640724 2520.447318879651 39
1757091640844 2518.548065316982 40
1757091640962 2516.938118119749 41
1757091641080 2515.5677586569 42
1757091641186 2514.396183783499 43
1757091641319 2513.389874364617 44
1757091641491 2512.5212655159685 45
1757091641600 2511.7676624384076 46
1757091641721 2511.1103561990362 47
1757091641842 2510.533902327525 48
1757091641957 2510.025532019599 49
1757091642077 2509.574671368688 50
1757091642192 2509.172548624139 51
1757091642330 2508.811873196654 52
1757091642450 2508.4865731591835 53
1757091642563 2508.1915804539794 54
1757091642680 2507.922655019835 55
1757091642795 2507.676240683403 56
1757091642906 2507.4493469847257 57
1757091643021 2507.2394521864394 58
1757091643141 2507.044423594624 59
1757091643266 2506.8624520344456 60
1757091643389 2506.691997906051 61
