1757096837019 nan 0
1757096837244 nan 1
1757096837461 nan 2
1757096837678 nan 3
1757096837897 nan 4
1757096838087 nan 5
1757096838297 nan 6
1757096838503 nan 7
1757096838747 nan 8
1757096838992 nan 9
1757096839257 nan 10
1757096839511 nan 11
1757096839727 nan 12
1757096839944 nan 13
1757096840183 nan 14
1757096840398 nan 15
1757096840629 nan 16
1757096840864 nan 17
1757096841074 nan 18
1757096841256 nan 19
1757096841477 nan 20
1757096841664 nan 21
1757096841934 nan 22
1757096842159 nan 23
1757096842353 nan 24
1757096842656 nan 25
1757096842880 nan 26
1757096843128 nan 27
1757096843340 nan 28
1757096843654 nan 29
1757096843861 nan 30
1757096844096 nan 31
1757096844365 nan 32
1757096844555 nan 33
1757096844754 nan 34
1757096844962 nan 35
1757096845211 nan 36
1757096845405 nan 37
1757096845606 nan 38
1757096845872 nan 39
1757096846066 nan 40
1757096846260 nan 41
1757096846472 nan 42
1757096846684 nan 43
1757096846910 nan 44
1757096847139 nan 45
1757096847362 nan 46
1757096847570 nan 47
1757096847846 nan 48
1757096848107 nan 49
1757096848360 nan 50
1757096848692 nan 51
1757096848910 nan 52
1757096849120 nan 53
1757096849451 nan 54
1757096849744 nan 55
1757096850067 nan 56
1757096850348 nan 57
1757096850602 nan 58
1757096850904 nan 59
1757096851150 nan 60
1757096851364 nan 61
1757096851607 nan 62
1757096851822 nan 63
1757096852045 nan 64
1757096852273 nan 65
1757096852502 nan 66
1757096852747 nan 67
1757096852972 nan 68
1757096853211 nan 69
1757096853420 nan 70
1757096853621 nan 71
1757096853888 nan 72
1757096854107 nan 73
1757096854497 nan 74
1757096854819 nan 75
1757096855310 nan 76
1757096855586 nan 77
1757096855951 nan 78
1757096856120 nan 79
1757096856376 nan 80
1757096856638 nan 81
1757096856885 nan 82
1757096857090 nan 83
1757096857292 nan 84
1757096857743 nan 85
1757096858109 nan 86
1757096858342 nan 87
1757096858543 nan 88
1757096858803 nan 89
1757096859009 nan 90
1757096859273 nan 91
1757096859540 nan 92
1757096859823 nan 93
1757096860108 nan 94
1757096860376 nan 95
1757096860524 nan 96
1757096860766 nan 97
1757096860982 nan 98
1757096861158 nan 99
1757096861378 nan 100
1757096861617 nan 101
1757096861916 nan 102
1757096862200 nan 103
1757096862489 nan 104
1757096862727 nan 105
1757096862972 nan 106
1757096863260 nan 107
1757096863438 nan 108
1757096863695 nan 109
1757096863906 nan 110
1757096864131 nan 111
1757096864338 nan 112
1757096864599 nan 113
1757096864837 nan 114
1757096865053 nan 115
1757096865239 nan 116
1757096865489 nan 117
1757096865670 nan 118
1757096865893 nan 119
1757096866136 nan 120
1757096866319 nan 121
1757096866553 nan 122
1757096866772 nan 123
1757096867033 nan 124
1757096867358 nan 125
1757096868016 nan 126
1757096868469 nan 127
1757096868677 nan 128
1757096869034 nan 129
1757096869340 nan 130
1757096869571 nan 131
1757096869827 nan 132
1757096870079 nan 133
1757096870389 nan 134
1757096870628 nan 135
1757096870968 nan 136
1757096871222 nan 137
1757096871482 nan 138
1757096871687 nan 139
1757096871888 nan 140
1757096872120 nan 141
1757096872328 nan 142
1757096872552 nan 143
1757096872770 nan 144
1757096872972 nan 145
1757096873155 nan 146
1757096873387 nan 147
1757096873620 nan 148
1757096873850 nan 149
1757096874083 nan 150
1757096874314 nan 151
1757096874573 nan 152
1757096874855 nan 153
1757096875251 nan 154
1757096875405 nan 155
1757096875585 nan 156
1757096875784 nan 157
1757096876004 nan 158
1757096876222 nan 159
1757096876451 nan 160
1757096876706 nan 161
1757096876919 nan 162
1757096877151 nan 163
1757096877386 nan 164
1757096877612 nan 165
1757096877853 nan 166
1757096878055 nan 167
1757096878310 nan 168
1757096878549 nan 169
1757096878755 nan 170
1757096879004 nan 171
1757096879269 nan 172
1757096879569 nan 173
1757096879819 nan 174
1757096880086 nan 175
1757096880338 nan 176
1757096880579 nan 177
1757096880798 nan 178
1757096881035 nan 179
1757096881300 nan 180
1757096881648 nan 181
1757096881944 nan 182
1757096882157 nan 183
1757096882486 nan 184
1757096882738 nan 185
1757096882920 nan 186
1757096883194 nan 187
1757096883472 nan 188
1757096883719 nan 189
1757096884039 nan 190
1757096884303 nan 191
1757096884606 nan 192
1757096884868 nan 193
1757096885123 nan 194
1757096885348 nan 195
1757096885650 nan 196
1757096885916 nan 197
1757096886141 nan 198
1757096886372 nan 199
1757096886589 nan 200
1757096886849 nan 201
1757096887066 nan 202
1757096887286 nan 203
1757096887649 nan 204
1757096887911 nan 205
1757096888153 nan 206
1757096888519 nan 207
1757096888772 nan 208
1757096889033 nan 209
1757096889284 nan 210
1757096889495 nan 211
1757096889703 nan 212
1757096889923 nan 213
1757096890138 nan 214
1757096890452 nan 215
1757096890683 nan 216
1757096890906 nan 217
1757096891203 nan 218
1757096891483 nan 219
1757096891677 nan 220
1757096891928 nan 221
1757096892189 nan 222
1757096892440 nan 223
1757096892668 nan 224
1757096892889 nan 225
1757096893118 nan 226
1757096893324 nan 227
1757096893552 nan 228
1757096893754 nan 229
1757096893944 nan 230
1757096894169 nan 231
1757096894427 nan 232
1757096894739 nan 233
1757096895167 nan 234
1757096895371 nan 235
1757096895589 nan 236
1757096895820 nan 237
1757096896049 nan 238
1757096896281 nan 239
1757096896533 nan 240
1757096896787 nan 241
1757096897020 nan 242
1757096897270 nan 243
1757096897501 nan 244
1757096897786 nan 245
1757096898052 nan 246
1757096898268 nan 247
1757096898526 nan 248
1757096898863 nan 249
1757096899095 nan 250
1757096899456 nan 251
1757096899807 nan 252
1757096900048 nan 253
1757096900302 nan 254
1757096900512 nan 255
1757096900752 nan 256
1757096901032 nan 257
1757096901240 nan 258
1757096901476 nan 259
1757096901849 nan 260
1757096902049 nan 261
1757096902262 nan 262
1757096902453 nan 263
1757096902636 nan 264
1757096902852 nan 265
1757096903068 nan 266
1757096903353 nan 267
1757096903553 nan 268
1757096903769 nan 269
1757096904003 nan 270
1757096904227 nan 271
1757096904731 nan 272
1757096905087 nan 273
1757096905383 nan 274
1757096905685 nan 275
1757096905981 nan 276
1757096906173 nan 277
1757096906373 nan 278
1757096906589 nan 279
1757096906780 nan 280
1757096907007 nan 281
1757096907223 nan 282
1757096907415 nan 283
1757096907674 nan 284
1757096907905 nan 285
1757096908124 nan 286
1757096908425 nan 287
1757096908672 nan 288
1757096908905 nan 289
1757096909089 nan 290
1757096909322 nan 291
1757096909587 nan 292
1757096909829 nan 293
1757096910071 nan 294
1757096910334 nan 295
1757096910623 nan 296
1757096910839 nan 297
1757096911061 nan 298
1757096911306 nan 299
1757096911603 nan 300
1757096911802 nan 301
1757096911991 nan 302
1757096912200 nan 303
1757096912423 nan 304
1757096912633 nan 305
1757096912855 nan 306
1757096913076 nan 307
1757096913305 nan 308
1757096913646 nan 309
1757096913909 nan 310
1757096914102 nan 311
1757096914298 nan 312
1757096914564 nan 313
1757096914806 nan 314
1757096915158 nan 315
1757096915354 nan 316
1757096915555 nan 317
1757096915795 nan 318
1757096916024 nan 319
1757096916306 nan 320
1757096916525 nan 321
1757096916852 nan 322
1757096917157 nan 323
1757096917418 nan 324
1757096917605 nan 325
1757096917881 nan 326
1757096918116 nan 327
1757096918335 nan 328
1757096918508 nan 329
1757096918751 nan 330
1757096918975 nan 331
1757096919201 nan 332
1757096919436 nan 333
1757096919657 nan 334
1757096919898 nan 335
1757096920185 nan 336
1757096920508 nan 337
1757096920888 nan 338
1757096921290 nan 339
1757096921670 nan 340
1757096922181 nan 341
1757096922408 nan 342
1757096922899 nan 343
1757096923262 nan 344
1757096923440 nan 345
1757096923655 nan 346
1757096923852 nan 347
1757096924075 nan 348
1757096924290 nan 349
1757096924554 nan 350
1757096924766 nan 351
1757096925007 nan 352
1757096925228 nan 353
1757096925435 nan 354
1757096925632 nan 355
1757096925834 nan 356
1757096926029 nan 357
1757096926232 nan 358
1757096926461 nan 359
1757096926674 nan 360
1757096926872 nan 361
1757096927072 nan 362
1757096927304 nan 363
1757096927512 nan 364
1757096927713 nan 365
1757096927937 nan 366
1757096928145 nan 367
1757096928381 nan 368
1757096928680 nan 369
1757096928923 nan 370
1757096929130 nan 371
1757096929358 nan 372
1757096929589 nan 373
1757096929790 nan 374
1757096930024 nan 375
1757096930277 nan 376
1757096930526 nan 377
1757096930863 nan 378
1757096931061 nan 379
1757096931259 nan 380
1757096931484 nan 381
1757096931678 nan 382
1757096931864 nan 383
1757096932079 nan 384
1757096932250 nan 385
1757096932460 nan 386
1757096932674 nan 387
1757096932984 nan 388
1757096933188 nan 389
1757096933390 nan 390
1757096933622 nan 391
1757096933854 nan 392
1757096934038 nan 393
1757096934259 nan 394
1757096934472 nan 395
1757096934669 nan 396
1757096935056 nan 397
1757096935355 nan 398
1757096935553 nan 399
1757096935738 nan 400
1757096935962 nan 401
1757096936184 nan 402
1757096936415 nan 403
1757096936718 nan 404
1757096936926 nan 405
1757096937178 nan 406
1757096937388 nan 407
1757096937585 nan 408
1757096937825 nan 409
1757096938036 nan 410
1757096938309 nan 411
1757096938588 nan 412
1757096938913 nan 413
1757096939128 nan 414
1757096939588 nan 415
1757096939863 nan 416
1757096940117 nan 417
1757096940355 nan 418
1757096940577 nan 419
1757096940800 nan 420
1757096940988 nan 421
1757096941372 nan 422
1757096941571 nan 423
1757096941758 nan 424
1757096942113 nan 425
1757096942318 nan 426
1757096942543 nan 427
1757096942751 nan 428
1757096943033 nan 429
1757096943252 nan 430
1757096943480 nan 431
1757096943700 nan 432
1757096943889 nan 433
1757096944086 nan 434
1757096944356 nan 435
1757096944640 nan 436
1757096944868 nan 437
1757096945068 nan 438
1757096945302 nan 439
1757096945598 nan 440
1757096945820 nan 441
1757096946024 nan 442
1757096946259 nan 443
1757096946481 nan 444
1757096946671 nan 445
1757096946882 nan 446
1757096947135 nan 447
1757096947367 nan 448
1757096947605 nan 449
1757096947868 nan 450
1757096948059 nan 451
1757096948271 nan 452
1757096948596 nan 453
1757096948831 nan 454
1757096949067 nan 455
1757096949272 nan 456
1757096949536 nan 457
1757096949802 nan 458
1757096950036 nan 459
1757096950257 nan 460
1757096950455 nan 461
1757096950681 nan 462
1757096950887 nan 463
1757096951108 nan 464
1757096951318 nan 465
1757096951549 nan 466
1757096951786 nan 467
1757096952131 nan 468
1757096952393 nan 469
1757096952602 nan 470
1757096952807 nan 471
1757096953063 nan 472
1757096953299 nan 473
1757096953545 nan 474
1757096953755 nan 475
1757096953967 nan 476
1757096954240 nan 477
1757096954500 nan 478
1757096954746 nan 479
1757096955031 nan 480
1757096955320 nan 481
1757096955514 nan 482
1757096955741 nan 483
1757096955969 nan 484
1757096956329 nan 485
1757096956577 nan 486
1757096956796 nan 487
1757096956968 nan 488
1757096957236 nan 489
1757096957444 nan 490
1757096957705 nan 491
1757096957953 nan 492
1757096958179 nan 493
1757096958405 nan 494
1757096958636 nan 495
1757096958847 nan 496
1757096959082 nan 497
1757096959300 nan 498
1757096959517 nan 499
