1757092048566 29472.852783873514 0
1757092048685 23181.387539457908 1
1757092048804 18794.580424313135 2
1757092048917 15497.843986832735 3
1757092049027 12930.238342867771 4
1757092049144 10897.407766608956 5
1757092049263 9275.55729834834 6
1757092049381 7976.213879207601 7
1757092049503 6932.367861188478 8
1757092049620 6091.987556949993 9
1757092049727 5414.080522014606 10
1757092049850 4866.156608013309 11
1757092049970 4422.385611150571 12
1757092050084 4062.2281412495668 13
1757092050206 3769.2297542000356 14
1757092050320 3530.2918747136973 15
1757092050437 3334.9436928141113 16
1757092050550 3174.8050670639036 17
1757092050670 3043.160848202925 18
1757092050788 2934.6231040758157 19
1757092050944 2844.8628511223656 20
1757092051058 2770.396821233621 21
1757092051172 2708.4178462213363 22
1757092051290 2656.6598366804374 23
1757092051401 2613.290216917743 24
1757092051520 2576.8241643732467 25
1757092051639 2546.0561761433255 26
1757092051756 2520.005413361042 27
1757092051874 2497.872008363142 28
1757092051999 2479.002100661484 29
1757092052120 2462.859827908917 30
1757092052240 2449.004862653183 31
1757092052360 2437.0743746978014 32
1757092052475 2426.768528114107 33
1757092052594 2417.838803834931 34
1757092052712 2410.07858315495 35
1757092052835 2403.3155421510846 36
1757092052954 2397.4054981767827 37
1757092053072 2392.227422049993 38
1757092053189 2387.6793872044227 39
1757092053302 2383.6752729630307 40
1757092053416 2380.142075642978 41
1757092053540 2377.017710331594 42
1757092053661 2374.2492094054073 43
1757092053769 2371.791242406209 44
1757092053890 2369.604896697825 45
1757092054010 2367.656670165516 46
1757092054130 2365.9176366911665 47
1757092054255 2364.3627527218737 48
1757092054375 2362.97027932911 49
1757092054485 2361.721299034068 50
1757092054601 2360.59931059383 51
1757092054718 2359.589888095101 52
1757092054828 2358.680393240911 53
1757092054946 2357.8597317629833 54
1757092055069 2357.1181465460677 55
1757092055184 2356.447041388299 56
1757092055309 2355.838830405576 57
1757092055434 2355.2868089680233 58
1757092055548 2354.785042772321 59
