1757096671386 nan 0
1757096671829 nan 1
1757096672167 nan 2
1757096672375 nan 3
1757096673279 nan 4
1757096673501 nan 5
1757096674908 nan 6
1757096675752 nan 7
1757096676813 nan 8
1757096678498 nan 9
1757096678922 nan 10
1757096679187 nan 11
1757096680124 nan 12
1757096683178 nan 13
1757096684319 nan 14
1757096684995 nan 15
1757096686028 nan 16
1757096686224 nan 17
1757096686651 nan 18
1757096687209 nan 19
1757096688234 nan 20
1757096688368 nan 21
1757096688674 nan 22
1757096689199 nan 23
1757096691076 nan 24
1757096691469 nan 25
1757096691681 nan 26
1757096692602 nan 27
1757096692801 nan 28
1757096693550 nan 29
1757096694175 nan 30
1757096694763 nan 31
1757096695300 nan 32
1757096695880 nan 33
1757096696290 nan 34
1757096697004 nan 35
1757096697357 nan 36
1757096698245 nan 37
1757096698484 nan 38
1757096698712 nan 39
1757096698960 nan 40
1757096699288 nan 41
1757096699681 nan 42
1757096699892 nan 43
1757096700169 nan 44
1757096700502 nan 45
1757096700726 nan 46
1757096700946 nan 47
1757096701199 nan 48
1757096701451 nan 49
1757096701691 nan 50
1757096701914 nan 51
1757096702169 nan 52
1757096702599 nan 53
1757096702820 nan 54
1757096703026 nan 55
1757096703217 nan 56
1757096703427 nan 57
1757096703615 nan 58
1757096703819 nan 59
1757096704111 nan 60
1757096704545 nan 61
1757096704887 nan 62
1757096705261 nan 63
1757096705537 nan 64
1757096705779 nan 65
1757096706045 nan 66
1757096706240 nan 67
1757096706504 nan 68
1757096706763 nan 69
1757096706964 nan 70
1757096707162 nan 71
1757096707328 nan 72
1757096707737 nan 73
1757096707990 nan 74
1757096708171 nan 75
1757096708379 nan 76
1757096708950 nan 77
1757096709332 nan 78
1757096709997 nan 79
1757096710296 nan 80
1757096710485 nan 81
1757096710825 nan 82
1757096711208 nan 83
1757096711833 nan 84
1757096712030 nan 85
1757096712465 nan 86
1757096712802 nan 87
1757096713386 nan 88
1757096713706 nan 89
1757096713935 nan 90
1757096714149 nan 91
1757096714434 nan 92
1757096714723 nan 93
1757096714984 nan 94
1757096715406 nan 95
1757096715672 nan 96
1757096716352 nan 97
1757096716726 nan 98
1757096717002 nan 99
1757096717222 nan 100
1757096717432 nan 101
1757096717618 nan 102
1757096717868 nan 103
1757096718102 nan 104
1757096718534 nan 105
1757096718846 nan 106
1757096719249 nan 107
1757096719766 nan 108
1757096720264 nan 109
1757096720698 nan 110
1757096721407 nan 111
1757096721588 nan 112
1757096721929 nan 113
1757096722161 nan 114
1757096722338 nan 115
1757096722571 nan 116
1757096723008 nan 117
1757096723293 nan 118
1757096723518 nan 119
1757096723852 nan 120
1757096724061 nan 121
1757096724385 nan 122
1757096724621 nan 123
1757096724972 nan 124
1757096725256 nan 125
1757096725714 nan 126
1757096725956 nan 127
1757096727168 nan 128
1757096727669 nan 129
1757096728497 nan 130
1757096728978 nan 131
1757096729237 nan 132
1757096729613 nan 133
1757096729878 nan 134
1757096730125 nan 135
1757096730409 nan 136
1757096730634 nan 137
1757096730895 nan 138
1757096731106 nan 139
1757096731329 nan 140
1757096731568 nan 141
1757096732130 nan 142
1757096732399 nan 143
1757096732619 nan 144
1757096732866 nan 145
1757096733133 nan 146
1757096733352 nan 147
1757096733576 nan 148
1757096733760 nan 149
1757096733948 nan 150
1757096734504 nan 151
1757096734762 nan 152
1757096734972 nan 153
1757096735183 nan 154
1757096735412 nan 155
1757096735654 nan 156
1757096735869 nan 157
1757096736095 nan 158
1757096736291 nan 159
1757096736592 nan 160
1757096736809 nan 161
1757096737046 nan 162
1757096737323 nan 163
1757096738782 nan 164
1757096739117 nan 165
1757096739382 nan 166
1757096739751 nan 167
1757096739982 nan 168
1757096740200 nan 169
1757096740404 nan 170
1757096740602 nan 171
1757096740828 nan 172
1757096741096 nan 173
1757096741310 nan 174
1757096741528 nan 175
1757096741751 nan 176
1757096741984 nan 177
1757096742254 nan 178
1757096742556 nan 179
1757096742854 nan 180
1757096743163 nan 181
1757096743622 nan 182
1757096744062 nan 183
1757096744402 nan 184
1757096744821 nan 185
1757096745387 nan 186
1757096746351 nan 187
1757096747448 nan 188
1757096747678 nan 189
1757096747950 nan 190
1757096748200 nan 191
1757096748455 nan 192
1757096748732 nan 193
1757096749214 nan 194
1757096749934 nan 195
1757096750226 nan 196
1757096750470 nan 197
1757096750759 nan 198
1757096751001 nan 199
1757096751384 nan 200
1757096751697 nan 201
1757096752049 nan 202
1757096752462 nan 203
1757096752772 nan 204
1757096753004 nan 205
1757096753262 nan 206
1757096753484 nan 207
1757096753766 nan 208
1757096754068 nan 209
1757096754433 nan 210
1757096754665 nan 211
1757096754899 nan 212
1757096755177 nan 213
1757096755479 nan 214
1757096755715 nan 215
1757096755926 nan 216
1757096756217 nan 217
1757096756500 nan 218
1757096756798 nan 219
1757096757058 nan 220
1757096757440 nan 221
1757096757690 nan 222
1757096758016 nan 223
1757096758230 nan 224
1757096758508 nan 225
1757096758728 nan 226
1757096758939 nan 227
1757096759158 nan 228
1757096759365 nan 229
1757096759613 nan 230
1757096759833 nan 231
1757096760153 nan 232
1757096760725 nan 233
1757096760915 nan 234
1757096761293 nan 235
1757096761508 nan 236
1757096761738 nan 237
1757096761949 nan 238
1757096768286 nan 239
1757096768537 nan 240
1757096768766 nan 241
1757096769081 nan 242
1757096769365 nan 243
1757096769561 nan 244
1757096769779 nan 245
1757096769982 nan 246
1757096770315 nan 247
1757096770539 nan 248
1757096770795 nan 249
1757096771022 nan 250
1757096771317 nan 251
1757096771518 nan 252
1757096771740 nan 253
1757096771943 nan 254
1757096772157 nan 255
1757096772366 nan 256
1757096772616 nan 257
1757096772783 nan 258
1757096772964 nan 259
1757096773232 nan 260
1757096773617 nan 261
1757096773916 nan 262
1757096774324 nan 263
1757096774580 nan 264
1757096774879 nan 265
1757096775167 nan 266
1757096775446 nan 267
1757096775618 nan 268
1757096775885 nan 269
1757096776061 nan 270
1757096776254 nan 271
1757096776625 nan 272
1757096777005 nan 273
1757096777275 nan 274
1757096777565 nan 275
1757096777761 nan 276
1757096777932 nan 277
1757096778108 nan 278
1757096778294 nan 279
1757096778467 nan 280
1757096778677 nan 281
1757096778859 nan 282
1757096779140 nan 283
1757096779356 nan 284
1757096779589 nan 285
1757096779922 nan 286
1757096780168 nan 287
1757096780395 nan 288
1757096780653 nan 289
1757096780828 nan 290
1757096781046 nan 291
1757096781260 nan 292
1757096781461 nan 293
1757096781692 nan 294
1757096781904 nan 295
1757096782115 nan 296
1757096782431 nan 297
1757096782655 nan 298
1757096782914 nan 299
1757096783184 nan 300
1757096783400 nan 301
1757096783627 nan 302
1757096783851 nan 303
1757096784093 nan 304
1757096784385 nan 305
1757096784574 nan 306
1757096784780 nan 307
1757096785075 nan 308
1757096785371 nan 309
1757096785601 nan 310
1757096785805 nan 311
1757096786018 nan 312
1757096786303 nan 313
1757096786501 nan 314
1757096786879 nan 315
1757096787106 nan 316
1757096787336 nan 317
1757096787569 nan 318
1757096787808 nan 319
1757096788072 nan 320
1757096788256 nan 321
1757096788486 nan 322
1757096789001 nan 323
1757096789239 nan 324
1757096789617 nan 325
1757096789919 nan 326
1757096790118 nan 327
1757096790333 nan 328
1757096790534 nan 329
1757096790745 nan 330
1757096790953 nan 331
1757096791185 nan 332
1757096791484 nan 333
1757096791737 nan 334
1757096792082 nan 335
1757096792369 nan 336
1757096792567 nan 337
1757096792794 nan 338
1757096793037 nan 339
1757096793505 nan 340
1757096793721 nan 341
1757096794020 nan 342
1757096794251 nan 343
1757096794503 nan 344
1757096794715 nan 345
1757096794918 nan 346
1757096795196 nan 347
1757096795451 nan 348
1757096795683 nan 349
1757096795920 nan 350
1757096796169 nan 351
1757096796393 nan 352
1757096796657 nan 353
1757096796920 nan 354
1757096797223 nan 355
1757096797442 nan 356
1757096797657 nan 357
1757096797883 nan 358
1757096798143 nan 359
1757096798852 nan 360
1757096799346 nan 361
1757096799838 nan 362
1757096803200 nan 363
1757096803720 nan 364
1757096804068 nan 365
1757096804384 nan 366
1757096804667 nan 367
1757096804900 nan 368
1757096805169 nan 369
1757096805412 nan 370
1757096805648 nan 371
1757096805902 nan 372
1757096806170 nan 373
1757096806404 nan 374
1757096806640 nan 375
1757096806859 nan 376
1757096807129 nan 377
1757096807389 nan 378
1757096807605 nan 379
1757096807833 nan 380
1757096808022 nan 381
1757096808270 nan 382
1757096808472 nan 383
1757096808716 nan 384
1757096808950 nan 385
1757096809170 nan 386
1757096809403 nan 387
1757096809616 nan 388
1757096809804 nan 389
1757096810166 nan 390
1757096810372 nan 391
1757096810602 nan 392
1757096810820 nan 393
1757096811105 nan 394
1757096811501 nan 395
1757096811751 nan 396
1757096811986 nan 397
1757096812252 nan 398
1757096812480 nan 399
1757096812910 nan 400
1757096813200 nan 401
1757096813401 nan 402
1757096813615 nan 403
1757096814159 nan 404
1757096814374 nan 405
1757096814611 nan 406
1757096814791 nan 407
1757096815023 nan 408
1757096815232 nan 409
1757096815444 nan 410
1757096815655 nan 411
1757096815895 nan 412
1757096816096 nan 413
1757096816357 nan 414
1757096816551 nan 415
1757096816747 nan 416
1757096817007 nan 417
1757096817243 nan 418
1757096817492 nan 419
1757096817728 nan 420
1757096817928 nan 421
1757096818191 nan 422
1757096818461 nan 423
1757096818707 nan 424
1757096818983 nan 425
1757096819251 nan 426
1757096819514 nan 427
1757096819774 nan 428
1757096820009 nan 429
1757096820208 nan 430
1757096820387 nan 431
1757096820644 nan 432
1757096820860 nan 433
1757096821112 nan 434
1757096821324 nan 435
1757096821501 nan 436
1757096821707 nan 437
1757096821942 nan 438
1757096822210 nan 439
1757096822455 nan 440
1757096822638 nan 441
1757096822855 nan 442
1757096823094 nan 443
1757096823315 nan 444
1757096823638 nan 445
1757096823876 nan 446
1757096824191 nan 447
1757096824415 nan 448
1757096824635 nan 449
1757096824844 nan 450
1757096825077 nan 451
1757096825292 nan 452
1757096825476 nan 453
1757096825694 nan 454
1757096825907 nan 455
1757096826094 nan 456
1757096826310 nan 457
1757096826561 nan 458
1757096826762 nan 459
1757096826995 nan 460
1757096827181 nan 461
1757096827412 nan 462
1757096827599 nan 463
1757096827836 nan 464
1757096828040 nan 465
1757096828233 nan 466
1757096828449 nan 467
1757096828644 nan 468
1757096828840 nan 469
1757096829075 nan 470
1757096829276 nan 471
1757096829511 nan 472
1757096829763 nan 473
1757096830089 nan 474
1757096830392 nan 475
1757096830675 nan 476
1757096830924 nan 477
1757096831223 nan 478
1757096831507 nan 479
1757096831695 nan 480
1757096831899 nan 481
1757096832093 nan 482
1757096832319 nan 483
1757096832561 nan 484
1757096832806 nan 485
1757096833008 nan 486
1757096833243 nan 487
1757096833537 nan 488
1757096833763 nan 489
1757096833993 nan 490
1757096834227 nan 491
1757096834461 nan 492
1757096834673 nan 493
1757096834860 nan 494
1757096835097 nan 495
1757096835275 nan 496
1757096835493 nan 497
1757096835688 nan 498
1757096835911 nan 499
