1757158422593 nan 0
1757158422722 nan 1
1757158422836 nan 2
1757158422951 nan 3
1757158423069 nan 4
1757158423180 nan 5
1757158423297 nan 6
1757158423412 nan 7
1757158423528 nan 8
1757158423653 nan 9
1757158423768 nan 10
1757158423886 nan 11
1757158423999 nan 12
1757158424114 nan 13
1757158424232 nan 14
1757158424359 nan 15
1757158424492 nan 16
1757158424608 nan 17
1757158424784 nan 18
1757158424902 nan 19
1757158425015 nan 20
1757158425128 nan 21
1757158425243 nan 22
1757158425364 nan 23
1757158425482 nan 24
1757158425599 nan 25
1757158425716 nan 26
1757158425833 nan 27
1757158425949 nan 28
1757158426067 nan 29
1757158426188 nan 30
1757158426311 nan 31
1757158426460 nan 32
1757158426578 nan 33
1757158426697 nan 34
1757158426816 nan 35
1757158426958 nan 36
1757158427076 nan 37
1757158427195 nan 38
1757158427318 nan 39
1757158427433 nan 40
1757158427551 nan 41
1757158427667 nan 42
1757158427787 nan 43
1757158427907 nan 44
1757158428036 nan 45
1757158428156 nan 46
1757158428276 nan 47
1757158428396 nan 48
1757158428573 nan 49
1757158428692 nan 50
1757158428817 nan 51
1757158428948 nan 52
1757158429075 nan 53
1757158429194 nan 54
1757158429341 nan 55
1757158429615 nan 56
1757158429768 nan 57
1757158429904 nan 58
1757158430037 nan 59
1757158430163 nan 60
1757158430287 nan 61
1757158430416 nan 62
1757158430597 nan 63
1757158430719 nan 64
1757158430841 nan 65
1757158430961 nan 66
1757158431084 nan 67
1757158431200 nan 68
1757158431338 nan 69
1757158431460 nan 70
1757158431634 nan 71
1757158431782 nan 72
1757158431910 nan 73
1757158432032 nan 74
1757158432153 nan 75
1757158432279 nan 76
1757158432396 nan 77
1757158432522 nan 78
1757158432680 nan 79
1757158432803 nan 80
1757158432927 nan 81
1757158433048 nan 82
1757158433169 nan 83
1757158433290 nan 84
1757158433410 nan 85
1757158433524 nan 86
1757158433641 nan 87
1757158433759 nan 88
1757158434200 nan 89
1757158434322 nan 90
1757158434463 nan 91
1757158434581 nan 92
1757158434710 nan 93
1757158434828 nan 94
1757158434947 nan 95
1757158435062 nan 96
1757158435176 nan 97
1757158435293 nan 98
1757158435408 nan 99
1757158435526 nan 100
1757158435664 nan 101
1757158435792 nan 102
1757158435913 nan 103
1757158436036 nan 104
1757158436155 nan 105
1757158436280 nan 106
1757158436398 nan 107
1757158436519 nan 108
1757158436645 nan 109
1757158436788 nan 110
1757158436905 nan 111
1757158437021 nan 112
1757158437138 nan 113
1757158437271 nan 114
1757158437414 nan 115
1757158437534 nan 116
1757158437654 nan 117
1757158437775 nan 118
1757158437910 nan 119
1757158438030 nan 120
1757158438150 nan 121
1757158438270 nan 122
1757158438394 nan 123
1757158438515 nan 124
1757158438639 nan 125
1757158438761 nan 126
1757158438905 nan 127
1757158439025 nan 128
1757158439146 nan 129
1757158439266 nan 130
1757158439397 nan 131
1757158439523 nan 132
1757158439645 nan 133
1757158439766 nan 134
1757158439885 nan 135
1757158440003 nan 136
1757158440125 nan 137
1757158440259 nan 138
1757158440386 nan 139
1757158440518 nan 140
1757158440644 nan 141
1757158440762 nan 142
1757158440962 nan 143
1757158441190 nan 144
1757158441331 nan 145
1757158441455 nan 146
1757158441680 nan 147
1757158441814 nan 148
1757158441957 nan 149
1757158442203 nan 150
1757158442346 nan 151
1757158442477 nan 152
1757158442603 nan 153
1757158442740 nan 154
1757158442871 nan 155
1757158442991 nan 156
1757158443236 nan 157
1757158443373 nan 158
1757158443496 nan 159
1757158443629 nan 160
1757158443774 nan 161
1757158443969 nan 162
1757158444121 nan 163
1757158444301 nan 164
1757158444529 nan 165
1757158444670 nan 166
1757158444850 nan 167
1757158445037 nan 168
1757158445221 nan 169
1757158445522 nan 170
1757158445673 nan 171
1757158445832 nan 172
1757158446001 nan 173
1757158446135 nan 174
1757158446292 nan 175
1757158446433 nan 176
1757158446578 nan 177
1757158446734 nan 178
1757158446878 nan 179
1757158447029 nan 180
1757158447179 nan 181
1757158447419 nan 182
1757158447581 nan 183
1757158447739 nan 184
1757158447893 nan 185
1757158448033 nan 186
1757158448168 nan 187
1757158448300 nan 188
1757158448438 nan 189
1757158448645 nan 190
1757158448782 nan 191
1757158448929 nan 192
1757158449074 nan 193
1757158449217 nan 194
1757158449364 nan 195
1757158449562 nan 196
1757158449701 nan 197
1757158449816 nan 198
1757158449942 nan 199
1757158450066 nan 200
1757158450187 nan 201
1757158450309 nan 202
1757158450434 nan 203
1757158450556 nan 204
1757158450676 nan 205
1757158450790 nan 206
1757158450906 nan 207
1757158451032 nan 208
1757158451169 nan 209
1757158451337 nan 210
1757158451548 nan 211
1757158451720 nan 212
1757158451869 nan 213
1757158452015 nan 214
1757158452160 nan 215
1757158452302 nan 216
1757158452437 nan 217
1757158452567 nan 218
1757158452704 nan 219
1757158452854 nan 220
1757158452990 nan 221
1757158453121 nan 222
1757158453254 nan 223
1757158453397 nan 224
1757158453547 nan 225
1757158453694 nan 226
1757158453845 nan 227
1757158453987 nan 228
1757158454127 nan 229
1757158454319 nan 230
1757158454500 nan 231
1757158454637 nan 232
1757158454806 nan 233
1757158455040 nan 234
1757158455165 nan 235
1757158455285 nan 236
1757158455404 nan 237
1757158455531 nan 238
1757158455685 nan 239
1757158455816 nan 240
1757158455939 nan 241
1757158456067 nan 242
1757158456185 nan 243
1757158456331 nan 244
1757158456505 nan 245
1757158456643 nan 246
1757158456765 nan 247
1757158456939 nan 248
1757158457085 nan 249
1757158457206 nan 250
1757158457339 nan 251
1757158457462 nan 252
1757158457585 nan 253
1757158457753 nan 254
1757158457881 nan 255
1757158458009 nan 256
1757158458149 nan 257
1757158458278 nan 258
1757158458404 nan 259
1757158458537 nan 260
1757158458716 nan 261
1757158458878 nan 262
1757158459008 nan 263
1757158459154 nan 264
1757158459291 nan 265
1757158459446 nan 266
1757158459613 nan 267
1757158459760 nan 268
1757158459933 nan 269
1757158460054 nan 270
1757158460183 nan 271
1757158460300 nan 272
1757158460422 nan 273
1757158460540 nan 274
1757158460665 nan 275
1757158460786 nan 276
1757158460905 nan 277
1757158461019 nan 278
1757158461140 nan 279
1757158461260 nan 280
1757158461382 nan 281
1757158461558 nan 282
1757158461689 nan 283
1757158461843 nan 284
1757158462031 nan 285
1757158462158 nan 286
1757158462291 nan 287
1757158462417 nan 288
1757158462539 nan 289
1757158462672 nan 290
1757158462795 nan 291
1757158462917 nan 292
1757158463037 nan 293
1757158463158 nan 294
1757158463280 nan 295
1757158463399 nan 296
1757158463528 nan 297
1757158463650 nan 298
1757158463764 nan 299
1757158463881 nan 300
1757158464048 nan 301
1757158464173 nan 302
1757158464317 nan 303
1757158464451 nan 304
1757158464574 nan 305
1757158464690 nan 306
1757158464812 nan 307
1757158464937 nan 308
1757158465063 nan 309
1757158465188 nan 310
1757158465313 nan 311
1757158465438 nan 312
1757158465559 nan 313
1757158465687 nan 314
1757158465844 nan 315
1757158465972 nan 316
1757158466120 nan 317
1757158466238 nan 318
1757158466360 nan 319
1757158466493 nan 320
1757158466685 nan 321
1757158466835 nan 322
1757158466986 nan 323
1757158467126 nan 324
1757158467292 nan 325
1757158467433 nan 326
1757158467554 nan 327
1757158467685 nan 328
1757158467815 nan 329
1757158467936 nan 330
1757158468064 nan 331
1757158468238 nan 332
1757158468369 nan 333
1757158468510 nan 334
1757158468669 nan 335
1757158468796 nan 336
1757158468938 nan 337
1757158469103 nan 338
1757158469271 nan 339
1757158469412 nan 340
1757158469549 nan 341
1757158469680 nan 342
1757158469803 nan 343
1757158469935 nan 344
1757158470070 nan 345
1757158470191 nan 346
1757158470364 nan 347
1757158470481 nan 348
1757158470599 nan 349
1757158470724 nan 350
1757158470838 nan 351
1757158470962 nan 352
1757158471100 nan 353
1757158471358 nan 354
1757158471552 nan 355
1757158471753 nan 356
1757158471931 nan 357
1757158472062 nan 358
1757158472211 nan 359
1757158472381 nan 360
1757158472510 nan 361
1757158472635 nan 362
1757158472760 nan 363
1757158472898 nan 364
1757158473026 nan 365
1757158473149 nan 366
1757158473276 nan 367
1757158473417 nan 368
1757158473547 nan 369
1757158473688 nan 370
1757158473825 nan 371
1757158473951 nan 372
1757158474088 nan 373
1757158474582 nan 374
1757158474913 nan 375
1757158475097 nan 376
1757158475315 nan 377
1757158475448 nan 378
1757158475663 nan 379
1757158475870 nan 380
1757158476019 nan 381
1757158476154 nan 382
1757158476275 nan 383
1757158476403 nan 384
1757158476575 nan 385
1757158476706 nan 386
1757158476833 nan 387
1757158476957 nan 388
1757158477080 nan 389
1757158477205 nan 390
1757158477326 nan 391
1757158477457 nan 392
1757158477583 nan 393
1757158477709 nan 394
1757158477830 nan 395
1757158477950 nan 396
1757158478074 nan 397
1757158478196 nan 398
1757158478320 nan 399
1757158478438 nan 400
1757158478560 nan 401
1757158478694 nan 402
1757158478811 nan 403
1757158478925 nan 404
1757158479047 nan 405
1757158479167 nan 406
1757158479293 nan 407
1757158479409 nan 408
1757158479532 nan 409
1757158479647 nan 410
1757158479773 nan 411
1757158479929 nan 412
1757158480053 nan 413
1757158480171 nan 414
1757158480291 nan 415
1757158480415 nan 416
1757158480544 nan 417
1757158480708 nan 418
1757158480831 nan 419
1757158480949 nan 420
1757158481081 nan 421
1757158481202 nan 422
1757158481322 nan 423
1757158481442 nan 424
1757158481610 nan 425
1757158481781 nan 426
1757158481903 nan 427
1757158482031 nan 428
1757158482148 nan 429
1757158482270 nan 430
1757158482396 nan 431
1757158482515 nan 432
1757158482638 nan 433
1757158482814 nan 434
1757158482945 nan 435
1757158483064 nan 436
1757158483187 nan 437
1757158483302 nan 438
1757158483438 nan 439
1757158483558 nan 440
1757158483677 nan 441
1757158483806 nan 442
1757158483922 nan 443
1757158484039 nan 444
1757158484158 nan 445
1757158484285 nan 446
1757158484432 nan 447
1757158484561 nan 448
1757158484680 nan 449
1757158484797 nan 450
1757158484943 nan 451
1757158485067 nan 452
1757158485191 nan 453
1757158485317 nan 454
1757158485443 nan 455
1757158485568 nan 456
1757158485690 nan 457
1757158485813 nan 458
1757158485938 nan 459
1757158486059 nan 460
1757158486181 nan 461
1757158486305 nan 462
1757158486426 nan 463
1757158486550 nan 464
1757158486689 nan 465
1757158486816 nan 466
1757158486964 nan 467
1757158487084 nan 468
1757158487208 nan 469
1757158487332 nan 470
1757158487458 nan 471
1757158487580 nan 472
1757158487701 nan 473
1757158487825 nan 474
1757158487951 nan 475
1757158488075 nan 476
1757158488197 nan 477
1757158488321 nan 478
1757158488443 nan 479
1757158488569 nan 480
1757158488690 nan 481
1757158488814 nan 482
1757158488941 nan 483
1757158489079 nan 484
1757158489201 nan 485
1757158489336 nan 486
1757158489478 nan 487
1757158489629 nan 488
1757158489765 nan 489
1757158489893 nan 490
1757158490015 nan 491
1757158490143 nan 492
1757158490265 nan 493
1757158490404 nan 494
1757158490539 nan 495
1757158490661 nan 496
1757158490790 nan 497
1757158490919 nan 498
1757158491041 nan 499
