1757092863105 nan 0
1757092863270 nan 1
1757092863429 nan 2
1757092863577 nan 3
1757092863728 nan 4
1757092863875 nan 5
1757092864011 nan 6
1757092864141 nan 7
1757092864270 nan 8
1757092864412 nan 9
1757092864542 nan 10
1757092864665 nan 11
1757092864795 nan 12
1757092864933 nan 13
1757092865066 nan 14
1757092865199 nan 15
1757092865333 nan 16
1757092865467 nan 17
1757092865597 nan 18
1757092865737 nan 19
1757092865866 nan 20
1757092865996 nan 21
1757092866127 nan 22
1757092866258 nan 23
1757092866385 nan 24
1757092866512 nan 25
1757092866645 nan 26
1757092866783 nan 27
1757092866907 nan 28
1757092867032 nan 29
1757092867164 nan 30
1757092867296 nan 31
1757092867427 nan 32
1757092867558 nan 33
1757092867692 nan 34
1757092867827 nan 35
1757092867961 nan 36
1757092868192 nan 37
1757092868327 nan 38
1757092868452 nan 39
1757092868583 nan 40
1757092868723 nan 41
1757092868852 nan 42
1757092868977 nan 43
1757092869100 nan 44
1757092869226 nan 45
1757092869355 nan 46
1757092869482 nan 47
1757092869608 nan 48
1757092869736 nan 49
1757092869884 nan 50
1757092870007 nan 51
1757092870134 nan 52
1757092870272 nan 53
1757092870399 nan 54
1757092870534 nan 55
1757092870663 nan 56
1757092870842 nan 57
1757092871002 nan 58
1757092871129 nan 59
1757092871268 nan 60
1757092871425 nan 61
1757092871562 nan 62
1757092871739 nan 63
1757092871867 nan 64
1757092872002 nan 65
1757092872144 nan 66
1757092872316 nan 67
1757092872462 nan 68
1757092872608 nan 69
1757092872756 nan 70
1757092872903 nan 71
1757092873028 nan 72
1757092873161 nan 73
1757092873297 nan 74
1757092873466 nan 75
1757092873601 nan 76
1757092873739 nan 77
1757092873905 nan 78
1757092874059 nan 79
1757092874233 nan 80
1757092874417 nan 81
1757092874563 nan 82
1757092874702 nan 83
1757092874847 nan 84
1757092874979 nan 85
1757092875135 nan 86
1757092875261 nan 87
1757092875387 nan 88
1757092875512 nan 89
1757092875639 nan 90
1757092875763 nan 91
1757092875925 nan 92
1757092876071 nan 93
1757092876223 nan 94
1757092876369 nan 95
1757092876503 nan 96
1757092876648 nan 97
1757092876829 nan 98
1757092876988 nan 99
1757092877155 nan 100
1757092877320 nan 101
1757092877576 nan 102
1757092877727 nan 103
1757092877897 nan 104
1757092878034 nan 105
1757092878184 nan 106
1757092878328 nan 107
1757092878546 nan 108
1757092878701 nan 109
1757092878857 nan 110
1757092878995 nan 111
1757092879167 nan 112
1757092879323 nan 113
1757092879470 nan 114
1757092879629 nan 115
1757092879772 nan 116
1757092879921 nan 117
1757092880058 nan 118
1757092880195 nan 119
1757092880354 nan 120
1757092880501 nan 121
1757092880671 nan 122
1757092880876 nan 123
1757092881027 nan 124
1757092881167 nan 125
1757092881324 nan 126
1757092881477 nan 127
1757092881670 nan 128
1757092881797 nan 129
1757092881948 nan 130
1757092882100 nan 131
1757092882252 nan 132
1757092882438 nan 133
1757092882603 nan 134
1757092882755 nan 135
1757092882903 nan 136
1757092883044 nan 137
1757092883207 nan 138
1757092883408 nan 139
1757092883566 nan 140
1757092883722 nan 141
1757092883870 nan 142
1757092884015 nan 143
1757092884191 nan 144
1757092884325 nan 145
1757092884465 nan 146
1757092884607 nan 147
1757092884748 nan 148
1757092884888 nan 149
1757092885038 nan 150
1757092885177 nan 151
1757092885311 nan 152
1757092885438 nan 153
1757092885582 nan 154
1757092885712 nan 155
1757092885851 nan 156
1757092885996 nan 157
1757092886182 nan 158
1757092886321 nan 159
1757092886464 nan 160
1757092886625 nan 161
1757092886849 nan 162
1757092886986 nan 163
1757092887139 nan 164
1757092887289 nan 165
1757092887427 nan 166
1757092887599 nan 167
1757092887807 nan 168
1757092887954 nan 169
1757092888088 nan 170
1757092888227 nan 171
1757092888367 nan 172
1757092888500 nan 173
1757092888646 nan 174
1757092888785 nan 175
1757092888919 nan 176
1757092889047 nan 177
1757092889177 nan 178
1757092889310 nan 179
1757092889443 nan 180
1757092889581 nan 181
1757092889730 nan 182
1757092889863 nan 183
1757092889989 nan 184
1757092890141 nan 185
1757092890276 nan 186
1757092890407 nan 187
1757092890545 nan 188
1757092890682 nan 189
1757092890813 nan 190
1757092890937 nan 191
1757092891073 nan 192
1757092891195 nan 193
1757092891326 nan 194
1757092891457 nan 195
1757092891584 nan 196
1757092891713 nan 197
1757092891840 nan 198
1757092891966 nan 199
1757092892091 nan 200
1757092892216 nan 201
1757092892342 nan 202
1757092892471 nan 203
1757092892595 nan 204
1757092892721 nan 205
1757092892846 nan 206
1757092892972 nan 207
1757092893101 nan 208
1757092893227 nan 209
1757092893353 nan 210
1757092893477 nan 211
1757092893611 nan 212
1757092893744 nan 213
1757092893870 nan 214
1757092893999 nan 215
1757092894205 nan 216
1757092894336 nan 217
1757092894458 nan 218
1757092894590 nan 219
1757092894714 nan 220
1757092894836 nan 221
1757092894965 nan 222
1757092895092 nan 223
1757092895232 nan 224
1757092895366 nan 225
1757092895488 nan 226
1757092895621 nan 227
1757092895747 nan 228
1757092895878 nan 229
1757092896010 nan 230
1757092896145 nan 231
1757092896283 nan 232
1757092896425 nan 233
1757092896566 nan 234
1757092896707 nan 235
1757092896837 nan 236
1757092896978 nan 237
1757092897107 nan 238
1757092897247 nan 239
1757092897387 nan 240
1757092897525 nan 241
1757092897663 nan 242
1757092897809 nan 243
1757092897943 nan 244
1757092898076 nan 245
1757092898208 nan 246
1757092898341 nan 247
1757092898476 nan 248
1757092898645 nan 249
1757092898794 nan 250
1757092898927 nan 251
1757092899067 nan 252
1757092899196 nan 253
1757092899330 nan 254
1757092899458 nan 255
1757092899602 nan 256
1757092899737 nan 257
1757092899863 nan 258
1757092899993 nan 259
1757092900135 nan 260
1757092900268 nan 261
1757092900397 nan 262
1757092900527 nan 263
1757092900658 nan 264
1757092900791 nan 265
1757092900924 nan 266
1757092901052 nan 267
1757092901185 nan 268
1757092901311 nan 269
1757092901441 nan 270
1757092901568 nan 271
1757092901696 nan 272
1757092901825 nan 273
1757092902029 nan 274
1757092902180 nan 275
1757092902312 nan 276
1757092902441 nan 277
1757092902575 nan 278
1757092902714 nan 279
1757092902843 nan 280
1757092902975 nan 281
1757092903105 nan 282
1757092903246 nan 283
1757092903377 nan 284
1757092903500 nan 285
1757092903626 nan 286
1757092903754 nan 287
1757092903890 nan 288
1757092904024 nan 289
1757092904155 nan 290
1757092904293 nan 291
1757092904425 nan 292
1757092904559 nan 293
1757092904692 nan 294
1757092904834 nan 295
1757092904969 nan 296
1757092905105 nan 297
1757092905237 nan 298
1757092905371 nan 299
1757092905508 nan 300
1757092905644 nan 301
1757092905788 nan 302
1757092905922 nan 303
1757092906049 nan 304
1757092906180 nan 305
1757092906310 nan 306
1757092906438 nan 307
1757092906566 nan 308
1757092906695 nan 309
1757092906826 nan 310
1757092906963 nan 311
1757092907096 nan 312
1757092907223 nan 313
1757092907359 nan 314
1757092907493 nan 315
1757092907645 nan 316
1757092907776 nan 317
1757092907912 nan 318
1757092908043 nan 319
1757092908169 nan 320
1757092908298 nan 321
1757092908439 nan 322
1757092908584 nan 323
1757092908716 nan 324
1757092908905 nan 325
1757092909018 nan 326
1757092909153 nan 327
1757092909307 nan 328
1757092909445 nan 329
1757092909576 nan 330
1757092909712 nan 331
1757092909997 nan 332
1757092910238 nan 333
1757092910467 nan 334
1757092910626 nan 335
1757092910770 nan 336
1757092910908 nan 337
1757092911037 nan 338
1757092911185 nan 339
1757092911311 nan 340
1757092911438 nan 341
1757092911588 nan 342
1757092911744 nan 343
1757092911899 nan 344
1757092912048 nan 345
1757092912196 nan 346
1757092912336 nan 347
1757092912471 nan 348
1757092912621 nan 349
1757092912752 nan 350
1757092912929 nan 351
1757092913082 nan 352
1757092913239 nan 353
1757092913377 nan 354
1757092913518 nan 355
1757092913680 nan 356
1757092913827 nan 357
1757092913975 nan 358
1757092914122 nan 359
1757092914258 nan 360
1757092914421 nan 361
1757092914564 nan 362
1757092914702 nan 363
1757092914838 nan 364
1757092914975 nan 365
1757092915127 nan 366
1757092915299 nan 367
1757092915466 nan 368
1757092915628 nan 369
1757092915757 nan 370
1757092915885 nan 371
1757092916029 nan 372
1757092916173 nan 373
1757092916328 nan 374
1757092916463 nan 375
1757092916623 nan 376
1757092916759 nan 377
1757092916883 nan 378
1757092917008 nan 379
1757092917131 nan 380
1757092917257 nan 381
1757092917411 nan 382
1757092917543 nan 383
1757092917681 nan 384
1757092917809 nan 385
1757092917943 nan 386
1757092918117 nan 387
1757092918254 nan 388
1757092918396 nan 389
1757092918527 nan 390
1757092918657 nan 391
1757092918792 nan 392
1757092918915 nan 393
1757092919058 nan 394
1757092919191 nan 395
1757092919322 nan 396
1757092919448 nan 397
1757092919590 nan 398
1757092919727 nan 399
1757092919868 nan 400
1757092919997 nan 401
1757092920132 nan 402
1757092920266 nan 403
1757092920405 nan 404
1757092920619 nan 405
1757092920850 nan 406
1757092921149 nan 407
1757092921366 nan 408
1757092921573 nan 409
1757092921726 nan 410
1757092921871 nan 411
1757092922029 nan 412
1757092922162 nan 413
1757092922297 nan 414
1757092922425 nan 415
1757092922552 nan 416
1757092922681 nan 417
1757092922811 nan 418
1757092922948 nan 419
1757092923084 nan 420
1757092923213 nan 421
1757092923344 nan 422
1757092923477 nan 423
1757092923609 nan 424
1757092923738 nan 425
1757092923864 nan 426
1757092923997 nan 427
1757092924234 nan 428
1757092924375 nan 429
1757092924511 nan 430
1757092924648 nan 431
1757092924779 nan 432
1757092924910 nan 433
1757092925046 nan 434
1757092925182 nan 435
1757092925312 nan 436
1757092925452 nan 437
1757092925664 nan 438
1757092925825 nan 439
1757092925952 nan 440
1757092926089 nan 441
1757092926235 nan 442
1757092926384 nan 443
1757092926532 nan 444
1757092926666 nan 445
1757092926798 nan 446
1757092926929 nan 447
1757092927055 nan 448
1757092927186 nan 449
1757092927328 nan 450
1757092927471 nan 451
1757092927601 nan 452
1757092927743 nan 453
1757092927877 nan 454
1757092928012 nan 455
1757092928181 nan 456
1757092928335 nan 457
1757092928492 nan 458
1757092928642 nan 459
1757092928808 nan 460
1757092928966 nan 461
1757092929109 nan 462
1757092929247 nan 463
1757092929376 nan 464
1757092929508 nan 465
1757092929639 nan 466
1757092929778 nan 467
1757092929926 nan 468
1757092930076 nan 469
1757092930209 nan 470
1757092930340 nan 471
1757092930484 nan 472
1757092930618 nan 473
1757092930765 nan 474
1757092930936 nan 475
1757092931088 nan 476
1757092931244 nan 477
1757092931402 nan 478
1757092931556 nan 479
1757092931696 nan 480
1757092931830 nan 481
1757092931979 nan 482
1757092932132 nan 483
1757092932283 nan 484
1757092932519 nan 485
1757092932695 nan 486
1757092932854 nan 487
1757092933015 nan 488
1757092933165 nan 489
1757092933306 nan 490
1757092933461 nan 491
1757092933591 nan 492
1757092933729 nan 493
1757092933869 nan 494
1757092934005 nan 495
1757092934268 nan 496
1757092934400 nan 497
1757092934554 nan 498
1757092934708 nan 499
