1757093178788 nan 0
1757093178944 nan 1
1757093179096 nan 2
1757093179283 nan 3
1757093179445 nan 4
1757093179600 nan 5
1757093179774 nan 6
1757093179914 nan 7
1757093180057 nan 8
1757093180233 nan 9
1757093180386 nan 10
1757093180535 nan 11
1757093180670 nan 12
1757093180803 nan 13
1757093180954 nan 14
1757093181106 nan 15
1757093181241 nan 16
1757093181389 nan 17
1757093181526 nan 18
1757093181676 nan 19
1757093181819 nan 20
1757093182080 nan 21
1757093182251 nan 22
1757093182392 nan 23
1757093182529 nan 24
1757093182672 nan 25
1757093182808 nan 26
1757093182947 nan 27
1757093183091 nan 28
1757093183233 nan 29
1757093183369 nan 30
1757093183509 nan 31
1757093183642 nan 32
1757093183778 nan 33
1757093183913 nan 34
1757093184060 nan 35
1757093184207 nan 36
1757093184345 nan 37
1757093184478 nan 38
1757093184618 nan 39
1757093184768 nan 40
1757093184901 nan 41
1757093185036 nan 42
1757093185187 nan 43
1757093185318 nan 44
1757093185448 nan 45
1757093185577 nan 46
1757093185732 nan 47
1757093185875 nan 48
1757093186007 nan 49
1757093186141 nan 50
1757093186285 nan 51
1757093186420 nan 52
1757093186564 nan 53
1757093186711 nan 54
1757093186851 nan 55
1757093186980 nan 56
1757093187137 nan 57
1757093187286 nan 58
1757093187420 nan 59
1757093187557 nan 60
1757093187707 nan 61
1757093187852 nan 62
1757093187989 nan 63
1757093188131 nan 64
1757093188273 nan 65
1757093188412 nan 66
1757093188552 nan 67
1757093188689 nan 68
1757093188859 nan 69
1757093188999 nan 70
1757093189134 nan 71
1757093189272 nan 72
1757093189416 nan 73
1757093189570 nan 74
1757093189712 nan 75
1757093189866 nan 76
1757093190010 nan 77
1757093190147 nan 78
1757093190295 nan 79
1757093190568 nan 80
1757093190855 nan 81
1757093191003 nan 82
1757093191151 nan 83
1757093191299 nan 84
1757093191443 nan 85
1757093191589 nan 86
1757093191743 nan 87
1757093191889 nan 88
1757093192085 nan 89
1757093192228 nan 90
1757093192373 nan 91
1757093192509 nan 92
1757093192640 nan 93
1757093192776 nan 94
1757093192916 nan 95
1757093193053 nan 96
1757093193189 nan 97
1757093193347 nan 98
1757093193492 nan 99
1757093193631 nan 100
1757093193765 nan 101
1757093193897 nan 102
1757093194025 nan 103
1757093194155 nan 104
1757093194286 nan 105
1757093194412 nan 106
1757093194543 nan 107
1757093194683 nan 108
1757093194814 nan 109
1757093194948 nan 110
1757093195094 nan 111
1757093195231 nan 112
1757093195356 nan 113
1757093195479 nan 114
1757093195609 nan 115
1757093195765 nan 116
1757093195916 nan 117
1757093196053 nan 118
1757093196181 nan 119
1757093196314 nan 120
1757093196446 nan 121
1757093196571 nan 122
1757093196705 nan 123
1757093196836 nan 124
1757093196961 nan 125
1757093197094 nan 126
1757093197249 nan 127
1757093197406 nan 128
1757093197535 nan 129
1757093197664 nan 130
1757093197798 nan 131
1757093197929 nan 132
1757093198056 nan 133
1757093198183 nan 134
1757093198336 nan 135
1757093198490 nan 136
1757093198770 nan 137
1757093198901 nan 138
1757093199033 nan 139
1757093199174 nan 140
1757093199365 nan 141
1757093199528 nan 142
1757093199671 nan 143
1757093199810 nan 144
1757093199948 nan 145
1757093200130 nan 146
1757093200287 nan 147
1757093200448 nan 148
1757093200589 nan 149
1757093200727 nan 150
1757093200859 nan 151
1757093200995 nan 152
1757093201143 nan 153
1757093201280 nan 154
1757093201414 nan 155
1757093201550 nan 156
1757093201684 nan 157
1757093201814 nan 158
1757093201954 nan 159
1757093202089 nan 160
1757093202222 nan 161
1757093202384 nan 162
1757093202516 nan 163
1757093202676 nan 164
1757093202808 nan 165
1757093202938 nan 166
1757093203073 nan 167
1757093203208 nan 168
1757093203359 nan 169
1757093203511 nan 170
1757093203644 nan 171
1757093203785 nan 172
1757093203918 nan 173
1757093204048 nan 174
1757093204273 nan 175
1757093204431 nan 176
1757093204560 nan 177
1757093204727 nan 178
1757093204857 nan 179
1757093205169 nan 180
1757093205469 nan 181
1757093205625 nan 182
1757093205801 nan 183
1757093205946 nan 184
1757093206118 nan 185
1757093206286 nan 186
1757093206473 nan 187
1757093206642 nan 188
1757093206866 nan 189
1757093207058 nan 190
1757093207265 nan 191
1757093207460 nan 192
1757093207617 nan 193
1757093207899 nan 194
1757093208041 nan 195
1757093208191 nan 196
1757093208438 nan 197
1757093208582 nan 198
1757093208820 nan 199
1757093208969 nan 200
1757093209133 nan 201
1757093209273 nan 202
1757093209430 nan 203
1757093209597 nan 204
1757093209746 nan 205
1757093209882 nan 206
1757093210015 nan 207
1757093210144 nan 208
1757093210274 nan 209
1757093210414 nan 210
1757093210570 nan 211
1757093210712 nan 212
1757093210844 nan 213
1757093210974 nan 214
1757093211109 nan 215
1757093211244 nan 216
1757093211375 nan 217
1757093211506 nan 218
1757093211648 nan 219
1757093211799 nan 220
1757093211946 nan 221
1757093212087 nan 222
1757093212223 nan 223
1757093212357 nan 224
1757093212485 nan 225
1757093212626 nan 226
1757093212805 nan 227
1757093212951 nan 228
1757093213176 nan 229
1757093213306 nan 230
1757093213455 nan 231
1757093213601 nan 232
1757093213768 nan 233
1757093213914 nan 234
1757093214050 nan 235
1757093214184 nan 236
1757093214311 nan 237
1757093214442 nan 238
1757093214577 nan 239
1757093214707 nan 240
1757093214839 nan 241
1757093214966 nan 242
1757093215099 nan 243
1757093215234 nan 244
1757093215387 nan 245
1757093215515 nan 246
1757093215661 nan 247
1757093215795 nan 248
1757093215937 nan 249
1757093216069 nan 250
1757093216203 nan 251
1757093216436 nan 252
1757093216585 nan 253
1757093216727 nan 254
1757093216867 nan 255
1757093217002 nan 256
1757093217130 nan 257
1757093217264 nan 258
1757093217399 nan 259
1757093217528 nan 260
1757093217664 nan 261
1757093217809 nan 262
1757093217944 nan 263
1757093218147 nan 264
1757093218312 nan 265
1757093218489 nan 266
1757093218640 nan 267
1757093218791 nan 268
1757093218927 nan 269
1757093219057 nan 270
1757093219187 nan 271
1757093219319 nan 272
1757093219490 nan 273
1757093219623 nan 274
1757093219752 nan 275
1757093219890 nan 276
1757093220038 nan 277
1757093220185 nan 278
1757093220322 nan 279
1757093220458 nan 280
1757093220602 nan 281
1757093220747 nan 282
1757093220890 nan 283
1757093221024 nan 284
1757093221157 nan 285
1757093221303 nan 286
1757093221458 nan 287
1757093221603 nan 288
1757093221746 nan 289
1757093221882 nan 290
1757093222014 nan 291
1757093222161 nan 292
1757093222307 nan 293
1757093222452 nan 294
1757093222627 nan 295
1757093222827 nan 296
1757093222985 nan 297
1757093223166 nan 298
1757093223304 nan 299
1757093223452 nan 300
1757093223587 nan 301
1757093223723 nan 302
1757093223854 nan 303
1757093223981 nan 304
1757093224114 nan 305
1757093224245 nan 306
1757093224373 nan 307
1757093224506 nan 308
1757093224754 nan 309
1757093224917 nan 310
1757093225280 nan 311
1757093225428 nan 312
1757093225569 nan 313
1757093225703 nan 314
1757093225842 nan 315
1757093225977 nan 316
1757093226134 nan 317
1757093226287 nan 318
1757093226436 nan 319
1757093226579 nan 320
1757093226715 nan 321
1757093226847 nan 322
1757093226997 nan 323
1757093227147 nan 324
1757093227286 nan 325
1757093227419 nan 326
1757093227555 nan 327
1757093227695 nan 328
1757093227831 nan 329
1757093227962 nan 330
1757093228100 nan 331
1757093228245 nan 332
1757093228385 nan 333
1757093228536 nan 334
1757093228668 nan 335
1757093228795 nan 336
1757093228927 nan 337
1757093229058 nan 338
1757093229189 nan 339
1757093229321 nan 340
1757093229453 nan 341
1757093229586 nan 342
1757093229735 nan 343
1757093229869 nan 344
1757093230003 nan 345
1757093230141 nan 346
1757093230279 nan 347
1757093230411 nan 348
1757093230585 nan 349
1757093230741 nan 350
1757093230883 nan 351
1757093231028 nan 352
1757093231180 nan 353
1757093231320 nan 354
1757093231467 nan 355
1757093231605 nan 356
1757093231739 nan 357
1757093231886 nan 358
1757093232016 nan 359
1757093232159 nan 360
1757093232295 nan 361
1757093232429 nan 362
1757093232560 nan 363
1757093232703 nan 364
1757093232856 nan 365
1757093232988 nan 366
1757093233118 nan 367
1757093233249 nan 368
1757093233378 nan 369
1757093233548 nan 370
1757093233699 nan 371
1757093233843 nan 372
1757093233978 nan 373
1757093234119 nan 374
1757093234270 nan 375
1757093234401 nan 376
1757093234533 nan 377
1757093234671 nan 378
1757093234795 nan 379
1757093234927 nan 380
1757093235057 nan 381
1757093235193 nan 382
1757093235320 nan 383
1757093235454 nan 384
1757093235585 nan 385
1757093235721 nan 386
1757093235868 nan 387
1757093236004 nan 388
1757093236140 nan 389
1757093236304 nan 390
1757093236455 nan 391
1757093236590 nan 392
1757093236732 nan 393
1757093236887 nan 394
1757093237058 nan 395
1757093237206 nan 396
1757093237334 nan 397
1757093237461 nan 398
1757093237614 nan 399
1757093237758 nan 400
1757093237899 nan 401
1757093238045 nan 402
1757093238234 nan 403
1757093238369 nan 404
1757093238502 nan 405
1757093238630 nan 406
1757093238761 nan 407
1757093238989 nan 408
1757093239184 nan 409
1757093239319 nan 410
1757093239452 nan 411
1757093239582 nan 412
1757093239712 nan 413
1757093239842 nan 414
1757093239972 nan 415
1757093240102 nan 416
1757093240249 nan 417
1757093240378 nan 418
1757093240517 nan 419
1757093240646 nan 420
1757093240769 nan 421
1757093240907 nan 422
1757093241055 nan 423
1757093241199 nan 424
1757093241338 nan 425
1757093241500 nan 426
1757093241669 nan 427
1757093241811 nan 428
1757093241955 nan 429
1757093242097 nan 430
1757093242344 nan 431
1757093242489 nan 432
1757093242627 nan 433
1757093242763 nan 434
1757093242896 nan 435
1757093243044 nan 436
1757093243172 nan 437
1757093243301 nan 438
1757093243442 nan 439
1757093243590 nan 440
1757093243724 nan 441
1757093243854 nan 442
1757093243981 nan 443
1757093244112 nan 444
1757093244243 nan 445
1757093244387 nan 446
1757093244518 nan 447
1757093244648 nan 448
1757093244774 nan 449
1757093244906 nan 450
1757093245040 nan 451
1757093245184 nan 452
1757093245320 nan 453
1757093245469 nan 454
1757093245599 nan 455
1757093245730 nan 456
1757093245857 nan 457
1757093245992 nan 458
1757093246132 nan 459
1757093246266 nan 460
1757093246403 nan 461
1757093246533 nan 462
1757093246664 nan 463
1757093246791 nan 464
1757093246931 nan 465
1757093247060 nan 466
1757093247208 nan 467
1757093247370 nan 468
1757093247520 nan 469
1757093247653 nan 470
1757093247795 nan 471
1757093247929 nan 472
1757093248059 nan 473
1757093248200 nan 474
1757093248333 nan 475
1757093248462 nan 476
1757093248589 nan 477
1757093248717 nan 478
1757093248839 nan 479
1757093248971 nan 480
1757093249109 nan 481
1757093249238 nan 482
1757093249369 nan 483
1757093249515 nan 484
1757093249649 nan 485
1757093249803 nan 486
1757093249950 nan 487
1757093250100 nan 488
1757093250252 nan 489
1757093250450 nan 490
1757093250584 nan 491
1757093250715 nan 492
1757093250848 nan 493
1757093250982 nan 494
1757093251210 nan 495
1757093251383 nan 496
1757093251533 nan 497
1757093251661 nan 498
1757093251792 nan 499
