1757097357625 nan 0
1757097357809 nan 1
1757097357999 nan 2
1757097358176 nan 3
1757097358377 nan 4
1757097358543 nan 5
1757097358770 nan 6
1757097359003 nan 7
1757097359208 nan 8
1757097359463 nan 9
1757097359960 nan 10
1757097360193 nan 11
1757097360410 nan 12
1757097360661 nan 13
1757097360874 nan 14
1757097361114 nan 15
1757097361326 nan 16
1757097361497 nan 17
1757097361767 nan 18
1757097361972 nan 19
1757097362222 nan 20
1757097362372 nan 21
1757097362538 nan 22
1757097362746 nan 23
1757097362959 nan 24
1757097363143 nan 25
1757097363319 nan 26
1757097363489 nan 27
1757097363698 nan 28
1757097363951 nan 29
1757097364242 nan 30
1757097364583 nan 31
1757097364790 nan 32
1757097364960 nan 33
1757097365121 nan 34
1757097365298 nan 35
1757097365466 nan 36
1757097365627 nan 37
1757097365787 nan 38
1757097366108 nan 39
1757097366468 nan 40
1757097366751 nan 41
1757097366943 nan 42
1757097367126 nan 43
1757097367310 nan 44
1757097367488 nan 45
1757097367671 nan 46
1757097367864 nan 47
1757097368042 nan 48
1757097368269 nan 49
1757097368462 nan 50
1757097368642 nan 51
1757097368820 nan 52
1757097368977 nan 53
1757097369134 nan 54
1757097369665 nan 55
1757097370031 nan 56
1757097370264 nan 57
1757097370660 nan 58
1757097370873 nan 59
1757097371155 nan 60
1757097371391 nan 61
1757097371704 nan 62
1757097371949 nan 63
1757097372188 nan 64
1757097372488 nan 65
1757097372764 nan 66
1757097373568 nan 67
1757097374189 nan 68
1757097374917 nan 69
1757097375500 nan 70
1757097375971 nan 71
1757097376207 nan 72
1757097376528 nan 73
1757097376751 nan 74
1757097376988 nan 75
1757097377241 nan 76
1757097377693 nan 77
1757097377937 nan 78
1757097378138 nan 79
1757097378365 nan 80
1757097378781 nan 81
1757097379058 nan 82
1757097379272 nan 83
1757097380009 nan 84
1757097381210 nan 85
1757097381501 nan 86
1757097382483 nan 87
1757097382782 nan 88
1757097383099 nan 89
1757097383280 nan 90
1757097383496 nan 91
1757097383788 nan 92
1757097384026 nan 93
1757097384221 nan 94
1757097384431 nan 95
1757097384632 nan 96
1757097384858 nan 97
1757097385120 nan 98
1757097385889 nan 99
1757097386120 nan 100
1757097386329 nan 101
1757097386569 nan 102
1757097386755 nan 103
1757097386959 nan 104
1757097387221 nan 105
1757097387559 nan 106
1757097387738 nan 107
1757097387970 nan 108
1757097388171 nan 109
1757097388350 nan 110
1757097388601 nan 111
1757097388767 nan 112
1757097388951 nan 113
1757097389149 nan 114
1757097389339 nan 115
1757097389567 nan 116
1757097389940 nan 117
1757097390204 nan 118
1757097390477 nan 119
1757097390723 nan 120
1757097391003 nan 121
1757097391223 nan 122
1757097391479 nan 123
1757097392252 nan 124
1757097392444 nan 125
1757097393610 nan 126
1757097393927 nan 127
1757097394230 nan 128
1757097394749 nan 129
1757097395099 nan 130
1757097395420 nan 131
1757097395667 nan 132
1757097396026 nan 133
1757097396451 nan 134
1757097396884 nan 135
1757097397034 nan 136
1757097397723 nan 137
1757097398088 nan 138
1757097398594 nan 139
1757097398906 nan 140
1757097399104 nan 141
1757097399295 nan 142
1757097399778 nan 143
1757097400362 nan 144
1757097400605 nan 145
1757097400893 nan 146
1757097401265 nan 147
1757097401486 nan 148
1757097401820 nan 149
1757097402041 nan 150
1757097402423 nan 151
1757097402738 nan 152
1757097402951 nan 153
1757097403216 nan 154
1757097403447 nan 155
1757097403747 nan 156
1757097403978 nan 157
1757097404164 nan 158
1757097404330 nan 159
1757097404596 nan 160
1757097404974 nan 161
1757097405558 nan 162
1757097405908 nan 163
1757097406112 nan 164
1757097406437 nan 165
1757097406706 nan 166
1757097406923 nan 167
1757097407130 nan 168
1757097407302 nan 169
1757097407507 nan 170
1757097407770 nan 171
1757097407958 nan 172
1757097408138 nan 173
1757097408369 nan 174
1757097408534 nan 175
1757097408703 nan 176
1757097408926 nan 177
1757097409239 nan 178
1757097409581 nan 179
1757097410015 nan 180
1757097410289 nan 181
1757097410528 nan 182
1757097410895 nan 183
1757097411126 nan 184
1757097411402 nan 185
1757097411609 nan 186
1757097411788 nan 187
1757097411988 nan 188
1757097412262 nan 189
1757097412435 nan 190
1757097412861 nan 191
1757097413098 nan 192
1757097413411 nan 193
1757097413633 nan 194
1757097413881 nan 195
1757097414050 nan 196
1757097414341 nan 197
1757097414656 nan 198
1757097414893 nan 199
1757097415130 nan 200
1757097415401 nan 201
1757097415686 nan 202
1757097415960 nan 203
1757097416183 nan 204
1757097416416 nan 205
1757097416610 nan 206
1757097416781 nan 207
1757097417157 nan 208
1757097417386 nan 209
1757097417711 nan 210
1757097417909 nan 211
1757097418128 nan 212
1757097418308 nan 213
1757097418722 nan 214
1757097418963 nan 215
1757097419233 nan 216
1757097419453 nan 217
1757097419865 nan 218
1757097420042 nan 219
1757097420317 nan 220
1757097420529 nan 221
1757097420753 nan 222
1757097420947 nan 223
1757097421132 nan 224
1757097421314 nan 225
1757097421510 nan 226
1757097421759 nan 227
1757097421985 nan 228
1757097422187 nan 229
1757097422385 nan 230
1757097422717 nan 231
1757097422967 nan 232
1757097423198 nan 233
1757097423375 nan 234
1757097423634 nan 235
1757097423845 nan 236
1757097424061 nan 237
1757097424259 nan 238
1757097424515 nan 239
1757097424766 nan 240
1757097425020 nan 241
1757097425327 nan 242
1757097425640 nan 243
1757097426062 nan 244
1757097426268 nan 245
1757097426570 nan 246
