1757092935192 nan 0
1757092935326 nan 1
1757092935462 nan 2
1757092935684 nan 3
1757092935831 nan 4
1757092936059 nan 5
1757092936203 nan 6
1757092936348 nan 7
1757092936482 nan 8
1757092936616 nan 9
1757092936763 nan 10
1757092936927 nan 11
1757092937060 nan 12
1757092937195 nan 13
1757092937321 nan 14
1757092937453 nan 15
1757092937598 nan 16
1757092937730 nan 17
1757092937888 nan 18
1757092938020 nan 19
1757092938151 nan 20
1757092938292 nan 21
1757092938427 nan 22
1757092938558 nan 23
1757092938692 nan 24
1757092938827 nan 25
1757092938976 nan 26
1757092939108 nan 27
1757092939243 nan 28
1757092939430 nan 29
1757092939561 nan 30
1757092939695 nan 31
1757092939828 nan 32
1757092939966 nan 33
1757092940097 nan 34
1757092940237 nan 35
1757092940381 nan 36
1757092940512 nan 37
1757092940766 nan 38
1757092941052 nan 39
1757092941197 nan 40
1757092941358 nan 41
1757092941525 nan 42
1757092941683 nan 43
1757092941806 nan 44
1757092941934 nan 45
1757092942066 nan 46
1757092942222 nan 47
1757092942352 nan 48
1757092942561 nan 49
1757092942688 nan 50
1757092942828 nan 51
1757092942961 nan 52
1757092943118 nan 53
1757092943250 nan 54
1757092943384 nan 55
1757092943507 nan 56
1757092943640 nan 57
1757092943767 nan 58
1757092943898 nan 59
1757092944104 nan 60
1757092944254 nan 61
1757092944405 nan 62
1757092944542 nan 63
1757092944678 nan 64
1757092944808 nan 65
1757092944940 nan 66
1757092945067 nan 67
1757092945204 nan 68
1757092945333 nan 69
1757092945462 nan 70
1757092945586 nan 71
1757092945718 nan 72
1757092945845 nan 73
1757092945987 nan 74
1757092946116 nan 75
1757092946244 nan 76
1757092946381 nan 77
1757092946516 nan 78
1757092946649 nan 79
1757092946794 nan 80
1757092946932 nan 81
1757092947071 nan 82
1757092947233 nan 83
1757092947366 nan 84
1757092947498 nan 85
1757092947627 nan 86
1757092947754 nan 87
1757092947882 nan 88
1757092948019 nan 89
1757092948163 nan 90
1757092948304 nan 91
1757092948432 nan 92
1757092948560 nan 93
1757092948692 nan 94
1757092948826 nan 95
1757092948963 nan 96
1757092949096 nan 97
1757092949232 nan 98
1757092949512 nan 99
1757092949692 nan 100
1757092949916 nan 101
1757092950069 nan 102
1757092950212 nan 103
1757092950350 nan 104
1757092950498 nan 105
1757092950639 nan 106
1757092950773 nan 107
1757092950987 nan 108
1757092951122 nan 109
1757092951264 nan 110
1757092951410 nan 111
1757092951583 nan 112
1757092951716 nan 113
1757092951847 nan 114
1757092951985 nan 115
1757092952116 nan 116
1757092952256 nan 117
1757092952411 nan 118
1757092952613 nan 119
1757092952766 nan 120
1757092952914 nan 121
1757092953055 nan 122
1757092953202 nan 123
1757092953347 nan 124
1757092953495 nan 125
1757092953631 nan 126
1757092953905 nan 127
1757092954098 nan 128
1757092954342 nan 129
1757092954593 nan 130
1757092954751 nan 131
1757092954883 nan 132
1757092955031 nan 133
1757092955177 nan 134
1757092955343 nan 135
1757092955481 nan 136
1757092955640 nan 137
1757092955834 nan 138
1757092955987 nan 139
1757092956165 nan 140
1757092956335 nan 141
1757092956492 nan 142
1757092956648 nan 143
1757092956846 nan 144
1757092957012 nan 145
1757092957194 nan 146
1757092957373 nan 147
1757092957542 nan 148
1757092957713 nan 149
1757092957879 nan 150
1757092958090 nan 151
1757092958283 nan 152
1757092958434 nan 153
1757092958613 nan 154
1757092958788 nan 155
1757092958954 nan 156
1757092959139 nan 157
1757092959339 nan 158
1757092959515 nan 159
1757092959673 nan 160
1757092959890 nan 161
1757092960218 nan 162
1757092960383 nan 163
1757092960549 nan 164
1757092960690 nan 165
1757092960843 nan 166
1757092961110 nan 167
1757092961294 nan 168
1757092961459 nan 169
1757092961634 nan 170
1757092961797 nan 171
1757092961951 nan 172
1757092962102 nan 173
1757092962252 nan 174
1757092962406 nan 175
1757092962582 nan 176
1757092962746 nan 177
1757092962938 nan 178
1757092963308 nan 179
1757092963478 nan 180
1757092963697 nan 181
1757092963855 nan 182
1757092964182 nan 183
1757092964329 nan 184
1757092964468 nan 185
1757092964639 nan 186
1757092964811 nan 187
1757092964959 nan 188
1757092965113 nan 189
1757092965256 nan 190
1757092965411 nan 191
1757092965591 nan 192
1757092965779 nan 193
1757092965911 nan 194
1757092966126 nan 195
1757092966356 nan 196
1757092966491 nan 197
1757092966635 nan 198
1757092966769 nan 199
1757092966918 nan 200
1757092967054 nan 201
1757092967183 nan 202
1757092967329 nan 203
1757092967467 nan 204
1757092967611 nan 205
1757092967746 nan 206
1757092967890 nan 207
1757092968024 nan 208
1757092968163 nan 209
1757092968368 nan 210
1757092968511 nan 211
1757092968644 nan 212
1757092968777 nan 213
1757092968940 nan 214
1757092969097 nan 215
1757092969238 nan 216
1757092969420 nan 217
1757092969564 nan 218
1757092969698 nan 219
1757092969837 nan 220
1757092969968 nan 221
1757092970097 nan 222
1757092970235 nan 223
1757092970366 nan 224
1757092970503 nan 225
1757092970641 nan 226
1757092970774 nan 227
1757092970908 nan 228
1757092971064 nan 229
1757092971198 nan 230
1757092971333 nan 231
1757092971478 nan 232
1757092971619 nan 233
1757092971750 nan 234
1757092971881 nan 235
1757092972019 nan 236
1757092972186 nan 237
1757092972314 nan 238
1757092972527 nan 239
1757092972684 nan 240
1757092972833 nan 241
1757092972964 nan 242
1757092973098 nan 243
1757092973242 nan 244
1757092973372 nan 245
1757092973509 nan 246
1757092973667 nan 247
1757092973855 nan 248
1757092973995 nan 249
1757092974127 nan 250
1757092974265 nan 251
1757092974400 nan 252
1757092974533 nan 253
1757092974668 nan 254
1757092974797 nan 255
1757092974934 nan 256
1757092975075 nan 257
1757092975205 nan 258
1757092975341 nan 259
1757092975479 nan 260
1757092975619 nan 261
1757092975759 nan 262
1757092975936 nan 263
1757092976070 nan 264
1757092976198 nan 265
1757092976335 nan 266
1757092976469 nan 267
1757092976603 nan 268
1757092976753 nan 269
1757092976890 nan 270
1757092977019 nan 271
1757092977152 nan 272
1757092977289 nan 273
1757092977494 nan 274
1757092977667 nan 275
1757092977833 nan 276
1757092977996 nan 277
1757092978139 nan 278
1757092978268 nan 279
1757092978456 nan 280
1757092978608 nan 281
1757092978749 nan 282
1757092978894 nan 283
1757092979087 nan 284
1757092979226 nan 285
1757092979379 nan 286
1757092979523 nan 287
1757092979655 nan 288
1757092979783 nan 289
1757092979918 nan 290
1757092980056 nan 291
1757092980193 nan 292
1757092980329 nan 293
1757092980471 nan 294
1757092980632 nan 295
1757092980774 nan 296
1757092980921 nan 297
1757092981057 nan 298
1757092981198 nan 299
1757092981373 nan 300
1757092981517 nan 301
1757092981648 nan 302
1757092981814 nan 303
1757092981958 nan 304
1757092982080 nan 305
1757092982213 nan 306
1757092982362 nan 307
1757092982504 nan 308
1757092982639 nan 309
1757092982775 nan 310
1757092982925 nan 311
1757092983068 nan 312
1757092983206 nan 313
1757092983332 nan 314
1757092983460 nan 315
1757092983600 nan 316
1757092983733 nan 317
1757092983871 nan 318
1757092984011 nan 319
1757092984154 nan 320
1757092984285 nan 321
1757092984417 nan 322
1757092984558 nan 323
1757092984721 nan 324
1757092984854 nan 325
1757092985002 nan 326
1757092985150 nan 327
1757092985283 nan 328
1757092985545 nan 329
1757092985697 nan 330
1757092985841 nan 331
1757092986136 nan 332
1757092986265 nan 333
1757092986392 nan 334
1757092986521 nan 335
1757092986656 nan 336
1757092986798 nan 337
1757092986939 nan 338
1757092987079 nan 339
1757092987234 nan 340
1757092987371 nan 341
1757092987495 nan 342
1757092987640 nan 343
1757092987780 nan 344
1757092987909 nan 345
1757092988061 nan 346
1757092988199 nan 347
1757092988337 nan 348
1757092988463 nan 349
1757092988602 nan 350
1757092988726 nan 351
1757092988848 nan 352
1757092988976 nan 353
1757092989110 nan 354
1757092989259 nan 355
1757092989393 nan 356
1757092989524 nan 357
1757092989665 nan 358
1757092989820 nan 359
1757092989953 nan 360
1757092990082 nan 361
1757092990215 nan 362
1757092990350 nan 363
1757092990485 nan 364
1757092990624 nan 365
1757092990765 nan 366
1757092990926 nan 367
1757092991067 nan 368
1757092991202 nan 369
1757092991353 nan 370
1757092991483 nan 371
1757092991619 nan 372
1757092991785 nan 373
1757092991945 nan 374
1757092992088 nan 375
1757092992275 nan 376
1757092992479 nan 377
1757092992611 nan 378
1757092992741 nan 379
1757092992893 nan 380
1757092993020 nan 381
1757092993152 nan 382
1757092993291 nan 383
1757092993434 nan 384
1757092993613 nan 385
1757092993752 nan 386
1757092993895 nan 387
1757092994054 nan 388
1757092994186 nan 389
1757092994327 nan 390
1757092994485 nan 391
1757092994639 nan 392
1757092994781 nan 393
1757092994917 nan 394
1757092995052 nan 395
1757092995189 nan 396
1757092995327 nan 397
1757092995482 nan 398
1757092995614 nan 399
1757092995761 nan 400
1757092995960 nan 401
1757092996160 nan 402
1757092996300 nan 403
1757092996438 nan 404
1757092996650 nan 405
1757092996839 nan 406
1757092996981 nan 407
1757092997118 nan 408
1757092997255 nan 409
1757092997403 nan 410
1757092997564 nan 411
1757092997706 nan 412
1757092997842 nan 413
1757092997980 nan 414
1757092998116 nan 415
1757092998253 nan 416
1757092998388 nan 417
1757092998527 nan 418
1757092998666 nan 419
1757092998800 nan 420
1757092998937 nan 421
1757092999083 nan 422
1757092999224 nan 423
1757092999357 nan 424
1757092999524 nan 425
1757092999672 nan 426
1757092999810 nan 427
1757092999943 nan 428
1757093000090 nan 429
1757093000236 nan 430
1757093000374 nan 431
1757093000505 nan 432
1757093000642 nan 433
1757093000780 nan 434
1757093000919 nan 435
1757093001039 nan 436
1757093001179 nan 437
1757093001318 nan 438
1757093001453 nan 439
1757093001615 nan 440
1757093001787 nan 441
1757093001926 nan 442
1757093002063 nan 443
1757093002222 nan 444
1757093002352 nan 445
1757093002496 nan 446
1757093002639 nan 447
1757093002786 nan 448
1757093002948 nan 449
1757093003085 nan 450
1757093003232 nan 451
1757093003363 nan 452
1757093003494 nan 453
1757093003628 nan 454
1757093003753 nan 455
1757093003898 nan 456
1757093004039 nan 457
1757093004178 nan 458
1757093004322 nan 459
1757093004456 nan 460
1757093004588 nan 461
1757093004717 nan 462
1757093004844 nan 463
1757093004971 nan 464
1757093005105 nan 465
1757093005237 nan 466
1757093005373 nan 467
1757093005510 nan 468
1757093005653 nan 469
1757093005807 nan 470
1757093005946 nan 471
1757093006079 nan 472
1757093006211 nan 473
1757093006344 nan 474
1757093006483 nan 475
1757093006617 nan 476
1757093006750 nan 477
1757093006882 nan 478
1757093007011 nan 479
1757093007140 nan 480
1757093007272 nan 481
1757093007406 nan 482
1757093007535 nan 483
1757093007662 nan 484
1757093007791 nan 485
1757093007942 nan 486
1757093008082 nan 487
1757093008214 nan 488
1757093008355 nan 489
1757093008511 nan 490
1757093008656 nan 491
1757093008791 nan 492
1757093008921 nan 493
1757093009052 nan 494
1757093009178 nan 495
1757093009303 nan 496
1757093009437 nan 497
1757093009572 nan 498
1757093009693 nan 499
