1757094341251 nan 0
1757094341393 nan 1
1757094341535 nan 2
1757094341683 nan 3
1757094341837 nan 4
1757094341969 nan 5
1757094342155 nan 6
1757094342305 nan 7
1757094342480 nan 8
1757094342617 nan 9
1757094342778 nan 10
1757094342957 nan 11
1757094343106 nan 12
1757094343243 nan 13
1757094343375 nan 14
1757094343522 nan 15
1757094343657 nan 16
1757094343801 nan 17
1757094343940 nan 18
1757094344077 nan 19
1757094344207 nan 20
1757094344374 nan 21
1757094344511 nan 22
1757094344654 nan 23
1757094344820 nan 24
1757094344974 nan 25
1757094345127 nan 26
1757094345280 nan 27
1757094345411 nan 28
1757094345543 nan 29
1757094345683 nan 30
1757094345827 nan 31
1757094345963 nan 32
1757094346111 nan 33
1757094346253 nan 34
1757094346405 nan 35
1757094346576 nan 36
1757094346729 nan 37
1757094346888 nan 38
1757094347041 nan 39
1757094347215 nan 40
1757094347363 nan 41
1757094347510 nan 42
1757094347658 nan 43
1757094347798 nan 44
1757094347935 nan 45
1757094348117 nan 46
1757094348280 nan 47
1757094348444 nan 48
1757094348572 nan 49
1757094348711 nan 50
1757094348846 nan 51
1757094349006 nan 52
1757094349150 nan 53
1757094349313 nan 54
1757094349461 nan 55
1757094349603 nan 56
1757094349798 nan 57
1757094350112 nan 58
1757094350308 nan 59
1757094350471 nan 60
1757094350659 nan 61
1757094350805 nan 62
1757094350948 nan 63
1757094351105 nan 64
1757094351257 nan 65
1757094351458 nan 66
1757094351596 nan 67
1757094351758 nan 68
1757094351923 nan 69
1757094352222 nan 70
1757094352382 nan 71
1757094352524 nan 72
1757094352687 nan 73
1757094352890 nan 74
1757094353026 nan 75
1757094353179 nan 76
1757094353336 nan 77
1757094353517 nan 78
1757094353670 nan 79
1757094353841 nan 80
1757094353991 nan 81
1757094354139 nan 82
1757094354278 nan 83
1757094354429 nan 84
1757094354595 nan 85
1757094354785 nan 86
1757094354944 nan 87
1757094355092 nan 88
1757094355255 nan 89
1757094355447 nan 90
1757094355600 nan 91
1757094355744 nan 92
1757094355896 nan 93
1757094356077 nan 94
1757094356243 nan 95
1757094356412 nan 96
1757094356567 nan 97
1757094356708 nan 98
1757094356901 nan 99
1757094357040 nan 100
1757094357202 nan 101
1757094357404 nan 102
1757094357541 nan 103
1757094357712 nan 104
1757094357859 nan 105
1757094358009 nan 106
1757094358162 nan 107
1757094358315 nan 108
1757094358465 nan 109
1757094358676 nan 110
1757094358825 nan 111
1757094359027 nan 112
1757094359169 nan 113
1757094359321 nan 114
1757094359463 nan 115
1757094359603 nan 116
1757094359744 nan 117
1757094359890 nan 118
1757094360084 nan 119
1757094360368 nan 120
1757094360528 nan 121
1757094360703 nan 122
1757094360854 nan 123
1757094360998 nan 124
1757094361146 nan 125
1757094361289 nan 126
1757094361419 nan 127
1757094361546 nan 128
1757094361688 nan 129
1757094361829 nan 130
1757094361959 nan 131
1757094362097 nan 132
1757094362235 nan 133
1757094362362 nan 134
1757094362495 nan 135
1757094362624 nan 136
1757094362774 nan 137
1757094362908 nan 138
1757094363039 nan 139
1757094363204 nan 140
1757094363341 nan 141
1757094363473 nan 142
1757094363612 nan 143
1757094363754 nan 144
1757094363886 nan 145
1757094364023 nan 146
1757094364158 nan 147
1757094364308 nan 148
1757094364453 nan 149
1757094364594 nan 150
1757094364730 nan 151
1757094364867 nan 152
1757094365000 nan 153
1757094365130 nan 154
1757094365260 nan 155
1757094365403 nan 156
1757094365533 nan 157
1757094365668 nan 158
1757094365805 nan 159
1757094365936 nan 160
1757094366084 nan 161
1757094366229 nan 162
1757094366376 nan 163
1757094366519 nan 164
1757094366661 nan 165
1757094366804 nan 166
1757094366949 nan 167
1757094367180 nan 168
1757094367491 nan 169
1757094367636 nan 170
1757094367779 nan 171
1757094367940 nan 172
1757094368076 nan 173
1757094368207 nan 174
1757094368345 nan 175
1757094368479 nan 176
1757094368624 nan 177
1757094368806 nan 178
1757094368952 nan 179
1757094369092 nan 180
1757094369238 nan 181
1757094369370 nan 182
1757094369509 nan 183
1757094369651 nan 184
1757094369786 nan 185
1757094369916 nan 186
1757094370059 nan 187
1757094370186 nan 188
1757094370316 nan 189
1757094370459 nan 190
1757094370652 nan 191
1757094370815 nan 192
1757094371038 nan 193
1757094371213 nan 194
1757094371370 nan 195
1757094371532 nan 196
1757094371666 nan 197
1757094371791 nan 198
1757094371923 nan 199
1757094372057 nan 200
1757094372192 nan 201
1757094372359 nan 202
1757094372500 nan 203
1757094372650 nan 204
1757094372792 nan 205
1757094372929 nan 206
1757094373064 nan 207
1757094373207 nan 208
1757094373343 nan 209
1757094373489 nan 210
1757094373645 nan 211
1757094373876 nan 212
1757094374025 nan 213
1757094374159 nan 214
1757094374293 nan 215
1757094374425 nan 216
1757094374555 nan 217
1757094374690 nan 218
1757094374824 nan 219
1757094374968 nan 220
1757094375119 nan 221
1757094375253 nan 222
1757094375394 nan 223
1757094375532 nan 224
1757094375686 nan 225
1757094375841 nan 226
1757094375977 nan 227
1757094376117 nan 228
1757094376258 nan 229
1757094376406 nan 230
1757094376543 nan 231
1757094376706 nan 232
1757094376848 nan 233
1757094376995 nan 234
1757094377182 nan 235
1757094377359 nan 236
1757094377552 nan 237
1757094377723 nan 238
1757094377885 nan 239
1757094378147 nan 240
1757094378291 nan 241
1757094378427 nan 242
1757094378561 nan 243
1757094378685 nan 244
1757094378819 nan 245
1757094378953 nan 246
1757094379085 nan 247
1757094379223 nan 248
1757094379358 nan 249
1757094379498 nan 250
1757094379628 nan 251
1757094379757 nan 252
1757094379891 nan 253
1757094380031 nan 254
1757094380167 nan 255
1757094380295 nan 256
1757094380422 nan 257
1757094380557 nan 258
1757094380687 nan 259
1757094380822 nan 260
1757094380949 nan 261
1757094381082 nan 262
1757094381216 nan 263
1757094381347 nan 264
1757094381617 nan 265
1757094381763 nan 266
1757094381890 nan 267
1757094382028 nan 268
1757094382162 nan 269
1757094382299 nan 270
1757094382430 nan 271
1757094382568 nan 272
1757094382698 nan 273
1757094382832 nan 274
1757094382974 nan 275
1757094383138 nan 276
1757094383276 nan 277
1757094383409 nan 278
1757094383538 nan 279
1757094383668 nan 280
1757094383803 nan 281
1757094383937 nan 282
1757094384076 nan 283
1757094384228 nan 284
1757094384358 nan 285
1757094384490 nan 286
1757094384626 nan 287
1757094384760 nan 288
1757094384894 nan 289
1757094385020 nan 290
1757094385150 nan 291
1757094385283 nan 292
1757094385415 nan 293
1757094385547 nan 294
1757094385678 nan 295
1757094385806 nan 296
1757094385938 nan 297
1757094386077 nan 298
1757094386240 nan 299
1757094386388 nan 300
1757094386521 nan 301
1757094386653 nan 302
1757094386787 nan 303
1757094386915 nan 304
1757094387046 nan 305
1757094387175 nan 306
1757094387314 nan 307
1757094387447 nan 308
1757094387587 nan 309
1757094387728 nan 310
1757094387864 nan 311
1757094387986 nan 312
1757094388137 nan 313
1757094388269 nan 314
1757094388399 nan 315
1757094388533 nan 316
1757094388660 nan 317
1757094388793 nan 318
1757094388923 nan 319
1757094389052 nan 320
1757094389185 nan 321
1757094389317 nan 322
1757094389444 nan 323
1757094389573 nan 324
1757094389702 nan 325
1757094389830 nan 326
1757094389957 nan 327
1757094390087 nan 328
1757094390219 nan 329
1757094390355 nan 330
1757094390484 nan 331
1757094390616 nan 332
1757094390743 nan 333
1757094390875 nan 334
1757094391005 nan 335
1757094391137 nan 336
1757094391268 nan 337
1757094391398 nan 338
1757094391535 nan 339
1757094391664 nan 340
1757094391795 nan 341
1757094391923 nan 342
1757094392051 nan 343
1757094392179 nan 344
1757094392310 nan 345
1757094392442 nan 346
1757094392571 nan 347
1757094392705 nan 348
1757094392837 nan 349
1757094392973 nan 350
1757094393102 nan 351
1757094393227 nan 352
1757094393358 nan 353
1757094393490 nan 354
1757094393622 nan 355
1757094393751 nan 356
1757094393881 nan 357
1757094394048 nan 358
1757094394186 nan 359
1757094394314 nan 360
1757094394454 nan 361
1757094394585 nan 362
1757094394713 nan 363
1757094394842 nan 364
1757094394969 nan 365
1757094395097 nan 366
1757094395228 nan 367
1757094395354 nan 368
1757094395480 nan 369
1757094395609 nan 370
1757094395735 nan 371
1757094395862 nan 372
1757094395994 nan 373
1757094396120 nan 374
1757094396247 nan 375
1757094396373 nan 376
1757094396497 nan 377
1757094396632 nan 378
1757094396759 nan 379
1757094396886 nan 380
1757094397016 nan 381
1757094397137 nan 382
1757094397260 nan 383
1757094397394 nan 384
1757094397523 nan 385
1757094397653 nan 386
1757094397782 nan 387
1757094397913 nan 388
1757094398044 nan 389
1757094398177 nan 390
1757094398305 nan 391
1757094398429 nan 392
1757094398558 nan 393
1757094398685 nan 394
1757094398808 nan 395
1757094398932 nan 396
1757094399066 nan 397
1757094399193 nan 398
1757094399319 nan 399
1757094399447 nan 400
1757094399612 nan 401
1757094399767 nan 402
1757094399895 nan 403
1757094400033 nan 404
1757094400165 nan 405
1757094400292 nan 406
1757094400420 nan 407
1757094400549 nan 408
1757094400676 nan 409
1757094400803 nan 410
1757094400929 nan 411
1757094401057 nan 412
1757094401183 nan 413
1757094401306 nan 414
1757094401430 nan 415
1757094401562 nan 416
1757094401687 nan 417
1757094401814 nan 418
1757094402001 nan 419
1757094402131 nan 420
1757094402258 nan 421
1757094402390 nan 422
1757094402520 nan 423
1757094402644 nan 424
1757094402772 nan 425
1757094402900 nan 426
1757094403026 nan 427
1757094403158 nan 428
1757094403284 nan 429
1757094403411 nan 430
1757094403538 nan 431
1757094403664 nan 432
1757094403790 nan 433
1757094403918 nan 434
1757094404040 nan 435
1757094404168 nan 436
1757094404300 nan 437
1757094404430 nan 438
1757094404558 nan 439
1757094404686 nan 440
1757094404814 nan 441
1757094404943 nan 442
1757094405073 nan 443
1757094405206 nan 444
1757094405335 nan 445
1757094405464 nan 446
1757094405588 nan 447
1757094405716 nan 448
1757094405845 nan 449
1757094405973 nan 450
1757094406100 nan 451
1757094406239 nan 452
1757094406377 nan 453
1757094406504 nan 454
1757094406631 nan 455
1757094406761 nan 456
1757094406895 nan 457
1757094407024 nan 458
1757094407151 nan 459
1757094407282 nan 460
1757094407427 nan 461
1757094407598 nan 462
1757094407761 nan 463
1757094407916 nan 464
1757094408055 nan 465
1757094408203 nan 466
1757094408345 nan 467
1757094408489 nan 468
1757094408618 nan 469
1757094408748 nan 470
1757094408875 nan 471
1757094409973 nan 472
1757094410091 nan 473
1757094410218 nan 474
1757094410351 nan 475
1757094410477 nan 476
1757094410602 nan 477
1757094410785 nan 478
1757094410915 nan 479
1757094411045 nan 480
1757094411171 nan 481
1757094411299 nan 482
1757094411445 nan 483
1757094411573 nan 484
1757094411700 nan 485
1757094411824 nan 486
1757094411956 nan 487
1757094412158 nan 488
1757094412320 nan 489
1757094412476 nan 490
1757094412612 nan 491
1757094412739 nan 492
1757094412871 nan 493
1757094413062 nan 494
1757094413200 nan 495
1757094413327 nan 496
1757094413662 nan 497
1757094413800 nan 498
1757094413933 nan 499
