1757093330439 nan 0
1757093330565 nan 1
1757093330742 nan 2
1757093330885 nan 3
1757093331013 nan 4
1757093331145 nan 5
1757093331295 nan 6
1757093331438 nan 7
1757093331589 nan 8
1757093331731 nan 9
1757093331873 nan 10
1757093331999 nan 11
1757093332129 nan 12
1757093332250 nan 13
1757093332373 nan 14
1757093332502 nan 15
1757093332665 nan 16
1757093332799 nan 17
1757093332928 nan 18
1757093333147 nan 19
1757093333285 nan 20
1757093333426 nan 21
1757093333556 nan 22
1757093333683 nan 23
1757093333818 nan 24
1757093333950 nan 25
1757093334084 nan 26
1757093334216 nan 27
1757093334345 nan 28
1757093334471 nan 29
1757093334597 nan 30
1757093334719 nan 31
1757093334855 nan 32
1757093334980 nan 33
1757093335103 nan 34
1757093335229 nan 35
1757093335362 nan 36
1757093335491 nan 37
1757093335616 nan 38
1757093335753 nan 39
1757093335884 nan 40
1757093336009 nan 41
1757093336134 nan 42
1757093336267 nan 43
1757093336388 nan 44
1757093336522 nan 45
1757093336660 nan 46
1757093336796 nan 47
1757093336930 nan 48
1757093337056 nan 49
1757093337178 nan 50
1757093337316 nan 51
1757093337477 nan 52
1757093337635 nan 53
1757093337888 nan 54
1757093338041 nan 55
1757093338184 nan 56
1757093338327 nan 57
1757093338459 nan 58
1757093338599 nan 59
1757093338739 nan 60
1757093338906 nan 61
1757093339055 nan 62
1757093339188 nan 63
1757093339353 nan 64
1757093339490 nan 65
1757093339622 nan 66
1757093339750 nan 67
1757093339885 nan 68
1757093340026 nan 69
1757093340161 nan 70
1757093340303 nan 71
1757093340437 nan 72
1757093340590 nan 73
1757093341700 nan 74
1757093342244 nan 75
1757093342419 nan 76
1757093342629 nan 77
1757093342843 nan 78
1757093343008 nan 79
1757093343425 nan 80
1757093343562 nan 81
1757093343699 nan 82
1757093343845 nan 83
1757093343983 nan 84
1757093344134 nan 85
1757093344280 nan 86
1757093344424 nan 87
1757093344586 nan 88
1757093344732 nan 89
1757093344869 nan 90
1757093345019 nan 91
1757093345153 nan 92
1757093345289 nan 93
1757093345425 nan 94
1757093345564 nan 95
1757093345703 nan 96
1757093345845 nan 97
1757093345992 nan 98
1757093346149 nan 99
1757093346293 nan 100
1757093346437 nan 101
1757093346587 nan 102
1757093346734 nan 103
1757093346871 nan 104
1757093347022 nan 105
1757093347170 nan 106
1757093347314 nan 107
1757093347451 nan 108
1757093347600 nan 109
1757093347747 nan 110
1757093347889 nan 111
1757093348025 nan 112
1757093348357 nan 113
1757093348611 nan 114
1757093348847 nan 115
1757093348984 nan 116
1757093349135 nan 117
1757093349292 nan 118
1757093349597 nan 119
1757093349748 nan 120
1757093349901 nan 121
1757093350050 nan 122
1757093350194 nan 123
1757093350345 nan 124
1757093350562 nan 125
1757093350713 nan 126
1757093350943 nan 127
1757093351150 nan 128
1757093351312 nan 129
1757093351462 nan 130
1757093351606 nan 131
1757093351780 nan 132
1757093351953 nan 133
1757093352124 nan 134
1757093352269 nan 135
1757093352423 nan 136
1757093352580 nan 137
1757093352739 nan 138
1757093352890 nan 139
1757093353041 nan 140
1757093353188 nan 141
1757093353332 nan 142
1757093353473 nan 143
1757093353617 nan 144
1757093353774 nan 145
1757093353920 nan 146
1757093354065 nan 147
1757093354217 nan 148
1757093354356 nan 149
1757093354506 nan 150
1757093354664 nan 151
1757093354803 nan 152
1757093354979 nan 153
1757093355199 nan 154
1757093355380 nan 155
1757093355530 nan 156
1757093355671 nan 157
1757093355813 nan 158
1757093355954 nan 159
1757093356096 nan 160
1757093356248 nan 161
1757093356397 nan 162
1757093356539 nan 163
1757093356704 nan 164
1757093356854 nan 165
1757093356998 nan 166
1757093357273 nan 167
1757093357445 nan 168
1757093357586 nan 169
1757093357730 nan 170
1757093357885 nan 171
1757093358025 nan 172
1757093358163 nan 173
1757093358341 nan 174
1757093358477 nan 175
1757093358613 nan 176
1757093358759 nan 177
1757093358915 nan 178
1757093359051 nan 179
1757093359197 nan 180
1757093359334 nan 181
1757093359478 nan 182
1757093359617 nan 183
1757093359763 nan 184
1757093359909 nan 185
1757093360055 nan 186
1757093360213 nan 187
1757093360360 nan 188
1757093360511 nan 189
1757093360652 nan 190
1757093360794 nan 191
1757093360943 nan 192
1757093361082 nan 193
1757093361221 nan 194
1757093361356 nan 195
1757093361484 nan 196
1757093361644 nan 197
1757093361782 nan 198
1757093361953 nan 199
1757093362109 nan 200
1757093362289 nan 201
1757093362417 nan 202
1757093362609 nan 203
1757093362743 nan 204
1757093362873 nan 205
1757093363000 nan 206
1757093363144 nan 207
1757093363283 nan 208
1757093363418 nan 209
1757093363560 nan 210
1757093363738 nan 211
1757093364092 nan 212
1757093364285 nan 213
1757093364506 nan 214
1757093364687 nan 215
1757093364833 nan 216
1757093365004 nan 217
1757093365186 nan 218
1757093365338 nan 219
1757093365474 nan 220
1757093365610 nan 221
1757093365752 nan 222
1757093365916 nan 223
1757093366067 nan 224
1757093366209 nan 225
1757093366368 nan 226
1757093366610 nan 227
1757093366794 nan 228
1757093366950 nan 229
1757093367088 nan 230
1757093367291 nan 231
1757093367473 nan 232
1757093367628 nan 233
1757093367794 nan 234
1757093367972 nan 235
1757093368136 nan 236
1757093368304 nan 237
1757093368464 nan 238
1757093368639 nan 239
1757093368818 nan 240
1757093370092 nan 241
1757093370301 nan 242
1757093370455 nan 243
1757093370612 nan 244
1757093370793 nan 245
1757093370944 nan 246
1757093371094 nan 247
1757093371252 nan 248
1757093371397 nan 249
1757093371537 nan 250
1757093371675 nan 251
1757093371805 nan 252
1757093371939 nan 253
1757093372077 nan 254
1757093372232 nan 255
1757093372489 nan 256
1757093372649 nan 257
1757093372813 nan 258
1757093372968 nan 259
1757093373115 nan 260
1757093373262 nan 261
1757093373407 nan 262
1757093373532 nan 263
1757093373672 nan 264
1757093373803 nan 265
1757093373932 nan 266
1757093374067 nan 267
1757093374204 nan 268
1757093374354 nan 269
1757093374483 nan 270
1757093374617 nan 271
1757093374751 nan 272
1757093374890 nan 273
1757093375025 nan 274
1757093375168 nan 275
1757093375309 nan 276
1757093375458 nan 277
1757093375605 nan 278
1757093375744 nan 279
1757093375872 nan 280
1757093376004 nan 281
1757093376137 nan 282
1757093376317 nan 283
1757093376484 nan 284
1757093376624 nan 285
1757093376769 nan 286
1757093376916 nan 287
1757093377059 nan 288
1757093377200 nan 289
1757093377372 nan 290
1757093377548 nan 291
1757093377686 nan 292
1757093377817 nan 293
1757093377951 nan 294
1757093378092 nan 295
1757093378227 nan 296
1757093378359 nan 297
1757093378493 nan 298
1757093378627 nan 299
1757093378761 nan 300
1757093378906 nan 301
1757093379068 nan 302
1757093379223 nan 303
1757093379361 nan 304
1757093379505 nan 305
1757093379691 nan 306
1757093379894 nan 307
1757093380038 nan 308
1757093380179 nan 309
1757093380318 nan 310
1757093380444 nan 311
1757093380586 nan 312
1757093380722 nan 313
1757093380853 nan 314
1757093380987 nan 315
1757093381132 nan 316
1757093381386 nan 317
1757093381524 nan 318
1757093381656 nan 319
1757093381803 nan 320
1757093381931 nan 321
1757093382069 nan 322
1757093382223 nan 323
1757093382378 nan 324
1757093382524 nan 325
1757093382656 nan 326
1757093382804 nan 327
1757093382941 nan 328
1757093383076 nan 329
1757093383214 nan 330
1757093383345 nan 331
1757093383493 nan 332
1757093383633 nan 333
1757093383789 nan 334
1757093383926 nan 335
1757093384055 nan 336
1757093384194 nan 337
1757093384324 nan 338
1757093384458 nan 339
1757093384591 nan 340
1757093384718 nan 341
1757093384851 nan 342
1757093384986 nan 343
1757093385204 nan 344
1757093385367 nan 345
1757093385496 nan 346
1757093385633 nan 347
1757093385767 nan 348
1757093385912 nan 349
1757093386055 nan 350
1757093386192 nan 351
1757093386325 nan 352
1757093386460 nan 353
1757093386610 nan 354
1757093386747 nan 355
1757093386901 nan 356
1757093387037 nan 357
1757093387163 nan 358
1757093387298 nan 359
1757093387437 nan 360
1757093387589 nan 361
1757093387747 nan 362
1757093387890 nan 363
1757093388021 nan 364
1757093388155 nan 365
1757093388287 nan 366
1757093388423 nan 367
1757093388555 nan 368
1757093388689 nan 369
1757093388818 nan 370
1757093388949 nan 371
1757093389085 nan 372
1757093389223 nan 373
1757093389359 nan 374
1757093389507 nan 375
1757093389638 nan 376
1757093389770 nan 377
1757093389905 nan 378
1757093390057 nan 379
1757093390181 nan 380
1757093390315 nan 381
1757093390449 nan 382
1757093390581 nan 383
1757093390717 nan 384
1757093390863 nan 385
1757093391004 nan 386
1757093391176 nan 387
1757093391316 nan 388
1757093391453 nan 389
1757093391583 nan 390
1757093391933 nan 391
1757093392069 nan 392
1757093392248 nan 393
1757093392386 nan 394
1757093392523 nan 395
1757093392659 nan 396
1757093392793 nan 397
1757093392922 nan 398
1757093393054 nan 399
1757093393198 nan 400
1757093393344 nan 401
1757093393479 nan 402
1757093393619 nan 403
1757093393766 nan 404
1757093393913 nan 405
1757093394055 nan 406
1757093394203 nan 407
1757093394340 nan 408
1757093394475 nan 409
1757093394607 nan 410
1757093394740 nan 411
1757093394918 nan 412
1757093395083 nan 413
1757093395239 nan 414
1757093395405 nan 415
1757093395555 nan 416
1757093395696 nan 417
1757093395837 nan 418
1757093395973 nan 419
1757093396125 nan 420
1757093396275 nan 421
1757093396417 nan 422
1757093396557 nan 423
1757093396688 nan 424
1757093396842 nan 425
1757093396990 nan 426
1757093397119 nan 427
1757093397261 nan 428
1757093397397 nan 429
1757093397542 nan 430
1757093397680 nan 431
1757093397811 nan 432
1757093397954 nan 433
1757093398099 nan 434
1757093398235 nan 435
1757093398381 nan 436
1757093398532 nan 437
1757093398673 nan 438
1757093398804 nan 439
1757093398959 nan 440
1757093399103 nan 441
1757093399240 nan 442
1757093399394 nan 443
1757093399548 nan 444
1757093399681 nan 445
1757093399817 nan 446
1757093399973 nan 447
1757093400248 nan 448
1757093400384 nan 449
1757093400517 nan 450
1757093400656 nan 451
1757093400795 nan 452
1757093400926 nan 453
1757093401056 nan 454
1757093401189 nan 455
1757093401324 nan 456
1757093401488 nan 457
1757093401634 nan 458
1757093401769 nan 459
1757093401908 nan 460
1757093402088 nan 461
1757093402235 nan 462
1757093402380 nan 463
1757093402540 nan 464
1757093402688 nan 465
1757093402833 nan 466
1757093402964 nan 467
1757093403130 nan 468
1757093403280 nan 469
1757093403444 nan 470
1757093403623 nan 471
1757093403797 nan 472
1757093403980 nan 473
1757093404175 nan 474
1757093404330 nan 475
1757093404465 nan 476
1757093404663 nan 477
1757093404922 nan 478
1757093405196 nan 479
1757093405455 nan 480
1757093405717 nan 481
1757093405895 nan 482
1757093406402 nan 483
1757093406523 nan 484
1757093406674 nan 485
1757093406885 nan 486
1757093407037 nan 487
1757093407191 nan 488
1757093407337 nan 489
1757093407502 nan 490
1757093407642 nan 491
1757093407798 nan 492
1757093407952 nan 493
1757093408117 nan 494
1757093408295 nan 495
1757093408474 nan 496
1757093408627 nan 497
1757093408773 nan 498
1757093408932 nan 499
