1757158491579 nan 0
1757158491763 nan 1
1757158491894 nan 2
1757158492022 nan 3
1757158492148 nan 4
1757158492273 nan 5
1757158492397 nan 6
1757158492535 nan 7
1757158492661 nan 8
1757158492785 nan 9
1757158492906 nan 10
1757158493037 nan 11
1757158493228 nan 12
1757158493376 nan 13
1757158493522 nan 14
1757158493655 nan 15
1757158493806 nan 16
1757158493937 nan 17
1757158494067 nan 18
1757158494195 nan 19
1757158494360 nan 20
1757158494651 nan 21
1757158494782 nan 22
1757158494909 nan 23
1757158495033 nan 24
1757158495165 nan 25
1757158495410 nan 26
1757158495541 nan 27
1757158495669 nan 28
1757158495812 nan 29
1757158495947 nan 30
1757158496080 nan 31
1757158496216 nan 32
1757158496351 nan 33
1757158496480 nan 34
1757158496606 nan 35
1757158496737 nan 36
1757158496865 nan 37
1757158496996 nan 38
1757158497125 nan 39
1757158497254 nan 40
1757158497387 nan 41
1757158497584 nan 42
1757158497709 nan 43
1757158497834 nan 44
1757158497966 nan 45
1757158498097 nan 46
1757158498231 nan 47
1757158498351 nan 48
1757158498477 nan 49
1757158498609 nan 50
1757158498737 nan 51
1757158498864 nan 52
1757158499009 nan 53
1757158499144 nan 54
1757158499267 nan 55
1757158499399 nan 56
1757158499586 nan 57
1757158499749 nan 58
1757158499890 nan 59
1757158500016 nan 60
1757158500149 nan 61
1757158500281 nan 62
1757158500408 nan 63
1757158500535 nan 64
1757158500664 nan 65
1757158500787 nan 66
1757158500935 nan 67
1757158501060 nan 68
1757158501217 nan 69
1757158501392 nan 70
1757158501522 nan 71
1757158501662 nan 72
1757158501840 nan 73
1757158501983 nan 74
1757158502112 nan 75
1757158502242 nan 76
1757158502381 nan 77
1757158502510 nan 78
1757158502640 nan 79
1757158502772 nan 80
1757158502904 nan 81
1757158503039 nan 82
1757158503168 nan 83
1757158503296 nan 84
1757158503425 nan 85
1757158503558 nan 86
1757158503687 nan 87
1757158503889 nan 88
1757158504015 nan 89
1757158504145 nan 90
1757158504276 nan 91
1757158504439 nan 92
1757158504585 nan 93
1757158504709 nan 94
1757158504835 nan 95
1757158504968 nan 96
1757158505096 nan 97
1757158505226 nan 98
1757158505357 nan 99
1757158505488 nan 100
1757158505627 nan 101
1757158505753 nan 102
1757158505884 nan 103
1757158506019 nan 104
1757158506145 nan 105
1757158506273 nan 106
1757158506393 nan 107
1757158506548 nan 108
1757158506708 nan 109
1757158506840 nan 110
1757158506969 nan 111
1757158507097 nan 112
1757158507226 nan 113
1757158507360 nan 114
1757158507491 nan 115
1757158507624 nan 116
1757158507751 nan 117
1757158507876 nan 118
1757158508041 nan 119
1757158508175 nan 120
1757158508297 nan 121
1757158508423 nan 122
1757158508556 nan 123
1757158508685 nan 124
1757158508814 nan 125
1757158508940 nan 126
1757158509065 nan 127
1757158509210 nan 128
1757158509333 nan 129
1757158509462 nan 130
1757158509588 nan 131
1757158509717 nan 132
1757158509844 nan 133
1757158509972 nan 134
1757158510111 nan 135
1757158510244 nan 136
1757158510372 nan 137
1757158510502 nan 138
1757158510628 nan 139
1757158510743 nan 140
1757158510867 nan 141
1757158510994 nan 142
1757158511128 nan 143
1757158511253 nan 144
1757158511381 nan 145
1757158511536 nan 146
1757158511697 nan 147
1757158511875 nan 148
1757158512007 nan 149
1757158512163 nan 150
1757158512291 nan 151
1757158512425 nan 152
1757158512550 nan 153
1757158512675 nan 154
1757158512800 nan 155
1757158512928 nan 156
1757158513050 nan 157
1757158513180 nan 158
1757158513305 nan 159
1757158513432 nan 160
1757158513554 nan 161
1757158513675 nan 162
1757158513810 nan 163
1757158513933 nan 164
1757158514058 nan 165
1757158514184 nan 166
1757158514365 nan 167
1757158514643 nan 168
1757158514749 nan 169
1757158514878 nan 170
1757158515034 nan 171
1757158515252 nan 172
1757158515469 nan 173
1757158515598 nan 174
1757158515725 nan 175
1757158515858 nan 176
1757158515975 nan 177
1757158516098 nan 178
1757158516225 nan 179
1757158516371 nan 180
1757158516503 nan 181
1757158516631 nan 182
1757158516760 nan 183
1757158516885 nan 184
1757158517014 nan 185
1757158517149 nan 186
1757158517278 nan 187
1757158517406 nan 188
1757158517531 nan 189
1757158517659 nan 190
1757158517782 nan 191
1757158517911 nan 192
1757158518033 nan 193
1757158518160 nan 194
1757158518301 nan 195
1757158518499 nan 196
1757158518627 nan 197
1757158518753 nan 198
1757158518879 nan 199
1757158519008 nan 200
1757158519142 nan 201
1757158519275 nan 202
1757158519397 nan 203
1757158519522 nan 204
1757158519651 nan 205
1757158519791 nan 206
1757158519914 nan 207
1757158520039 nan 208
1757158520162 nan 209
1757158520289 nan 210
1757158520425 nan 211
1757158520598 nan 212
1757158520730 nan 213
1757158520860 nan 214
1757158520991 nan 215
1757158521119 nan 216
1757158521249 nan 217
1757158521376 nan 218
1757158521527 nan 219
1757158521678 nan 220
1757158521814 nan 221
1757158521959 nan 222
1757158522085 nan 223
1757158522255 nan 224
1757158522377 nan 225
1757158522512 nan 226
1757158522711 nan 227
1757158522848 nan 228
1757158522973 nan 229
1757158523103 nan 230
1757158523231 nan 231
1757158523359 nan 232
1757158523485 nan 233
1757158523612 nan 234
1757158523739 nan 235
1757158523876 nan 236
1757158524002 nan 237
1757158524135 nan 238
1757158524261 nan 239
1757158524451 nan 240
1757158524593 nan 241
1757158524747 nan 242
1757158524878 nan 243
1757158525011 nan 244
1757158525139 nan 245
1757158525265 nan 246
1757158525394 nan 247
1757158525534 nan 248
1757158525668 nan 249
1757158525823 nan 250
1757158525954 nan 251
1757158526077 nan 252
1757158526205 nan 253
1757158526333 nan 254
1757158526465 nan 255
1757158526607 nan 256
1757158526833 nan 257
1757158526981 nan 258
1757158527146 nan 259
1757158527294 nan 260
1757158527439 nan 261
1757158527597 nan 262
1757158527824 nan 263
1757158528052 nan 264
1757158528337 nan 265
1757158528572 nan 266
1757158528829 nan 267
1757158528944 nan 268
1757158529074 nan 269
1757158529196 nan 270
1757158529331 nan 271
1757158529465 nan 272
1757158529591 nan 273
1757158529721 nan 274
1757158529843 nan 275
1757158529968 nan 276
1757158530094 nan 277
1757158530225 nan 278
1757158530347 nan 279
1757158530474 nan 280
1757158530600 nan 281
1757158530736 nan 282
1757158530874 nan 283
1757158531073 nan 284
1757158531198 nan 285
1757158531319 nan 286
1757158531453 nan 287
1757158531658 nan 288
1757158531854 nan 289
1757158531986 nan 290
1757158532116 nan 291
1757158532239 nan 292
1757158532365 nan 293
1757158532496 nan 294
1757158532624 nan 295
1757158532751 nan 296
1757158532890 nan 297
1757158533100 nan 298
1757158533237 nan 299
1757158533365 nan 300
1757158533491 nan 301
1757158533618 nan 302
1757158533745 nan 303
1757158533878 nan 304
1757158534018 nan 305
1757158534146 nan 306
1757158534285 nan 307
1757158534503 nan 308
1757158534646 nan 309
1757158534774 nan 310
1757158534900 nan 311
1757158535035 nan 312
1757158535188 nan 313
1757158535319 nan 314
1757158535451 nan 315
1757158535588 nan 316
1757158535721 nan 317
1757158535857 nan 318
1757158535987 nan 319
1757158536123 nan 320
1757158536277 nan 321
1757158536447 nan 322
1757158536617 nan 323
1757158536882 nan 324
1757158537039 nan 325
1757158537230 nan 326
1757158537363 nan 327
1757158537500 nan 328
1757158537650 nan 329
1757158537778 nan 330
1757158537916 nan 331
1757158538051 nan 332
1757158538191 nan 333
1757158538321 nan 334
1757158538450 nan 335
1757158538576 nan 336
1757158538702 nan 337
1757158538830 nan 338
1757158538953 nan 339
1757158539078 nan 340
1757158539196 nan 341
1757158539340 nan 342
1757158539466 nan 343
1757158539594 nan 344
1757158539720 nan 345
1757158539847 nan 346
1757158539968 nan 347
1757158540094 nan 348
1757158540229 nan 349
1757158540350 nan 350
1757158540481 nan 351
1757158540605 nan 352
1757158540732 nan 353
1757158540856 nan 354
1757158540984 nan 355
1757158541110 nan 356
1757158541238 nan 357
1757158541395 nan 358
1757158541539 nan 359
1757158541672 nan 360
1757158541849 nan 361
1757158541979 nan 362
1757158542113 nan 363
1757158542256 nan 364
1757158542380 nan 365
1757158542507 nan 366
1757158542631 nan 367
1757158542752 nan 368
1757158542885 nan 369
1757158543008 nan 370
1757158543131 nan 371
1757158543251 nan 372
1757158543376 nan 373
1757158543546 nan 374
1757158543676 nan 375
1757158543799 nan 376
1757158543932 nan 377
1757158544059 nan 378
1757158544185 nan 379
1757158544311 nan 380
1757158544465 nan 381
1757158544586 nan 382
1757158544715 nan 383
1757158544837 nan 384
1757158544961 nan 385
1757158545086 nan 386
1757158545210 nan 387
1757158545334 nan 388
1757158545460 nan 389
1757158545611 nan 390
1757158545733 nan 391
1757158545854 nan 392
1757158545978 nan 393
1757158546096 nan 394
1757158546234 nan 395
1757158546356 nan 396
1757158546485 nan 397
1757158546614 nan 398
1757158546760 nan 399
1757158546890 nan 400
1757158547009 nan 401
1757158547130 nan 402
1757158547255 nan 403
1757158547377 nan 404
1757158547499 nan 405
1757158547640 nan 406
1757158547762 nan 407
1757158547892 nan 408
1757158548014 nan 409
1757158548135 nan 410
1757158548256 nan 411
1757158548384 nan 412
1757158548513 nan 413
1757158548637 nan 414
1757158548762 nan 415
1757158548884 nan 416
1757158549007 nan 417
1757158549128 nan 418
1757158549253 nan 419
1757158549383 nan 420
1757158549510 nan 421
1757158549638 nan 422
1757158549813 nan 423
1757158549931 nan 424
1757158550050 nan 425
1757158550168 nan 426
1757158550293 nan 427
1757158550424 nan 428
1757158550545 nan 429
1757158550666 nan 430
1757158550782 nan 431
1757158550902 nan 432
1757158551020 nan 433
1757158551148 nan 434
1757158551290 nan 435
1757158551416 nan 436
1757158551575 nan 437
1757158551728 nan 438
1757158551918 nan 439
1757158552041 nan 440
1757158552169 nan 441
1757158552291 nan 442
1757158552410 nan 443
1757158552535 nan 444
1757158552656 nan 445
1757158552781 nan 446
1757158552897 nan 447
1757158553021 nan 448
1757158553143 nan 449
1757158553265 nan 450
1757158553389 nan 451
1757158553510 nan 452
1757158553626 nan 453
1757158553750 nan 454
1757158553922 nan 455
1757158554041 nan 456
1757158554171 nan 457
1757158554328 nan 458
1757158554480 nan 459
1757158554610 nan 460
1757158554738 nan 461
1757158554869 nan 462
1757158555001 nan 463
1757158555130 nan 464
1757158555270 nan 465
1757158555397 nan 466
1757158555526 nan 467
1757158555665 nan 468
1757158555840 nan 469
1757158556034 nan 470
1757158556162 nan 471
1757158556318 nan 472
1757158556445 nan 473
1757158556606 nan 474
1757158556754 nan 475
1757158556883 nan 476
1757158557018 nan 477
1757158557148 nan 478
1757158557274 nan 479
1757158557428 nan 480
1757158557556 nan 481
1757158557686 nan 482
1757158557817 nan 483
1757158557947 nan 484
1757158558097 nan 485
1757158558228 nan 486
1757158558360 nan 487
1757158558492 nan 488
1757158558615 nan 489
1757158558744 nan 490
1757158558873 nan 491
1757158559001 nan 492
1757158559132 nan 493
1757158559261 nan 494
1757158559390 nan 495
1757158559524 nan 496
1757158559648 nan 497
1757158559786 nan 498
1757158559925 nan 499
