1757093010152 nan 0
1757093010292 nan 1
1757093010429 nan 2
1757093010746 nan 3
1757093010907 nan 4
1757093011047 nan 5
1757093011187 nan 6
1757093011322 nan 7
1757093011458 nan 8
1757093011607 nan 9
1757093011741 nan 10
1757093011867 nan 11
1757093015078 nan 12
1757093015239 nan 13
1757093015419 nan 14
1757093015549 nan 15
1757093016002 nan 16
1757093016162 nan 17
1757093016299 nan 18
1757093016428 nan 19
1757093016555 nan 20
1757093016700 nan 21
1757093016841 nan 22
1757093016974 nan 23
1757093017115 nan 24
1757093017244 nan 25
1757093017372 nan 26
1757093017501 nan 27
1757093017647 nan 28
1757093017778 nan 29
1757093017904 nan 30
1757093018043 nan 31
1757093018176 nan 32
1757093018309 nan 33
1757093018439 nan 34
1757093018585 nan 35
1757093018749 nan 36
1757093018875 nan 37
1757093019008 nan 38
1757093019147 nan 39
1757093019275 nan 40
1757093019399 nan 41
1757093019562 nan 42
1757093019696 nan 43
1757093019822 nan 44
1757093019952 nan 45
1757093020078 nan 46
1757093020209 nan 47
1757093020338 nan 48
1757093020464 nan 49
1757093020604 nan 50
1757093020845 nan 51
1757093021000 nan 52
1757093021150 nan 53
1757093021280 nan 54
1757093021405 nan 55
1757093021531 nan 56
1757093021663 nan 57
1757093021793 nan 58
1757093022055 nan 59
1757093022204 nan 60
1757093022348 nan 61
1757093022485 nan 62
1757093022616 nan 63
1757093022745 nan 64
1757093022886 nan 65
1757093023016 nan 66
1757093023161 nan 67
1757093023379 nan 68
1757093023516 nan 69
1757093023662 nan 70
1757093023789 nan 71
1757093023937 nan 72
1757093024081 nan 73
1757093024212 nan 74
1757093024346 nan 75
1757093024508 nan 76
1757093024669 nan 77
1757093024796 nan 78
1757093024931 nan 79
1757093025293 nan 80
1757093025447 nan 81
1757093025598 nan 82
1757093025742 nan 83
1757093025887 nan 84
1757093026054 nan 85
1757093026219 nan 86
1757093026410 nan 87
1757093026544 nan 88
1757093026683 nan 89
1757093026842 nan 90
1757093026991 nan 91
1757093027131 nan 92
1757093027330 nan 93
1757093027477 nan 94
1757093027622 nan 95
1757093027767 nan 96
1757093027898 nan 97
1757093028034 nan 98
1757093028187 nan 99
1757093028330 nan 100
1757093028485 nan 101
1757093028661 nan 102
1757093028810 nan 103
1757093028959 nan 104
1757093029115 nan 105
1757093029267 nan 106
1757093029417 nan 107
1757093030664 nan 108
1757093030810 nan 109
1757093030956 nan 110
1757093031105 nan 111
1757093031256 nan 112
1757093031414 nan 113
1757093031565 nan 114
1757093031704 nan 115
1757093031848 nan 116
1757093031993 nan 117
1757093032136 nan 118
1757093032318 nan 119
1757093032484 nan 120
1757093032634 nan 121
1757093034327 nan 122
1757093034459 nan 123
1757093034601 nan 124
1757093034733 nan 125
1757093034868 nan 126
1757093035001 nan 127
1757093035138 nan 128
1757093035280 nan 129
1757093035422 nan 130
1757093035558 nan 131
1757093035697 nan 132
1757093035823 nan 133
1757093035958 nan 134
1757093036094 nan 135
1757093036225 nan 136
1757093036396 nan 137
1757093036604 nan 138
1757093036748 nan 139
1757093036883 nan 140
1757093037023 nan 141
1757093037171 nan 142
1757093037311 nan 143
1757093037451 nan 144
1757093037583 nan 145
1757093037723 nan 146
1757093037862 nan 147
1757093038019 nan 148
1757093038184 nan 149
1757093038331 nan 150
1757093038520 nan 151
1757093038676 nan 152
1757093038822 nan 153
1757093038977 nan 154
1757093039194 nan 155
1757093039350 nan 156
1757093039505 nan 157
1757093039641 nan 158
1757093039791 nan 159
1757093039941 nan 160
1757093040155 nan 161
1757093040289 nan 162
1757093040436 nan 163
1757093040597 nan 164
1757093040736 nan 165
1757093040922 nan 166
1757093041085 nan 167
1757093041255 nan 168
1757093041419 nan 169
1757093041596 nan 170
1757093041875 nan 171
1757093042241 nan 172
1757093042867 nan 173
1757093043012 nan 174
1757093043154 nan 175
1757093043303 nan 176
1757093043435 nan 177
1757093043572 nan 178
1757093043704 nan 179
1757093043834 nan 180
1757093043974 nan 181
1757093044102 nan 182
1757093044234 nan 183
1757093044363 nan 184
1757093044498 nan 185
1757093044661 nan 186
1757093044814 nan 187
1757093044958 nan 188
1757093045101 nan 189
1757093045247 nan 190
1757093045407 nan 191
1757093045544 nan 192
1757093045671 nan 193
1757093045798 nan 194
1757093045936 nan 195
1757093046074 nan 196
1757093046221 nan 197
1757093046369 nan 198
1757093046510 nan 199
1757093046901 nan 200
1757093047214 nan 201
1757093047353 nan 202
1757093047481 nan 203
1757093047634 nan 204
1757093047769 nan 205
1757093047899 nan 206
1757093048042 nan 207
1757093048181 nan 208
1757093048330 nan 209
1757093048491 nan 210
1757093048723 nan 211
1757093048873 nan 212
1757093049016 nan 213
1757093049171 nan 214
1757093049310 nan 215
1757093049443 nan 216
1757093049578 nan 217
1757093049721 nan 218
1757093049850 nan 219
1757093049978 nan 220
1757093050107 nan 221
1757093050242 nan 222
1757093050378 nan 223
1757093050516 nan 224
1757093050655 nan 225
1757093050832 nan 226
1757093050982 nan 227
1757093051153 nan 228
1757093051308 nan 229
1757093051463 nan 230
1757093051607 nan 231
1757093051745 nan 232
1757093051924 nan 233
1757093052117 nan 234
1757093052282 nan 235
1757093052445 nan 236
1757093052601 nan 237
1757093052732 nan 238
1757093052891 nan 239
1757093053027 nan 240
1757093053174 nan 241
1757093053316 nan 242
1757093053566 nan 243
1757093053717 nan 244
1757093053892 nan 245
1757093054041 nan 246
1757093054198 nan 247
1757093054347 nan 248
1757093054489 nan 249
1757093054646 nan 250
1757093054809 nan 251
1757093054957 nan 252
1757093055120 nan 253
1757093055265 nan 254
1757093055401 nan 255
1757093055552 nan 256
1757093055697 nan 257
1757093055833 nan 258
1757093055983 nan 259
1757093056145 nan 260
1757093056290 nan 261
1757093056430 nan 262
1757093056576 nan 263
1757093056742 nan 264
1757093056913 nan 265
1757093057061 nan 266
1757093057215 nan 267
1757093057452 nan 268
1757093057615 nan 269
1757093057764 nan 270
1757093057911 nan 271
1757093058052 nan 272
1757093058195 nan 273
1757093058344 nan 274
1757093058483 nan 275
1757093058618 nan 276
1757093058793 nan 277
1757093059070 nan 278
1757093059269 nan 279
1757093059433 nan 280
1757093059577 nan 281
1757093059717 nan 282
1757093059874 nan 283
1757093060045 nan 284
1757093060191 nan 285
1757093060360 nan 286
1757093060564 nan 287
1757093060719 nan 288
1757093060868 nan 289
1757093061012 nan 290
1757093061161 nan 291
1757093061357 nan 292
1757093061501 nan 293
1757093061670 nan 294
1757093061830 nan 295
1757093062011 nan 296
1757093062266 nan 297
1757093062416 nan 298
1757093062561 nan 299
1757093062718 nan 300
1757093062888 nan 301
1757093063073 nan 302
1757093063276 nan 303
1757093063440 nan 304
1757093063677 nan 305
1757093063867 nan 306
1757093064016 nan 307
1757093064174 nan 308
1757093064338 nan 309
1757093064502 nan 310
1757093064669 nan 311
1757093064818 nan 312
1757093064976 nan 313
1757093065150 nan 314
1757093065308 nan 315
1757093065479 nan 316
1757093065626 nan 317
1757093065758 nan 318
1757093065894 nan 319
1757093066028 nan 320
1757093066167 nan 321
1757093066308 nan 322
1757093066474 nan 323
1757093066644 nan 324
1757093066823 nan 325
1757093067012 nan 326
1757093067178 nan 327
1757093067405 nan 328
1757093067549 nan 329
1757093067685 nan 330
1757093067816 nan 331
1757093067958 nan 332
1757093068102 nan 333
1757093068234 nan 334
1757093068379 nan 335
1757093068580 nan 336
1757093068727 nan 337
1757093068866 nan 338
1757093069030 nan 339
1757093069174 nan 340
1757093069352 nan 341
1757093069504 nan 342
1757093069647 nan 343
1757093069782 nan 344
1757093069913 nan 345
1757093070037 nan 346
1757093070163 nan 347
1757093070298 nan 348
1757093070434 nan 349
1757093070568 nan 350
1757093070704 nan 351
1757093070837 nan 352
1757093070968 nan 353
1757093071110 nan 354
1757093071263 nan 355
1757093071548 nan 356
1757093071649 nan 357
1757093071775 nan 358
1757093071907 nan 359
1757093072049 nan 360
1757093072199 nan 361
1757093072337 nan 362
1757093072495 nan 363
1757093072622 nan 364
1757093072760 nan 365
1757093072894 nan 366
1757093073036 nan 367
1757093073178 nan 368
1757093073312 nan 369
1757093073450 nan 370
1757093073583 nan 371
1757093073725 nan 372
1757093073859 nan 373
1757093073996 nan 374
1757093074129 nan 375
1757093074273 nan 376
1757093074403 nan 377
1757093074554 nan 378
1757093074684 nan 379
1757093074819 nan 380
1757093074950 nan 381
1757093075086 nan 382
1757093075215 nan 383
1757093075361 nan 384
1757093075501 nan 385
1757093075638 nan 386
1757093075777 nan 387
1757093075906 nan 388
1757093076038 nan 389
1757093076170 nan 390
1757093076305 nan 391
1757093076444 nan 392
1757093076633 nan 393
1757093076795 nan 394
1757093076941 nan 395
1757093077079 nan 396
1757093077229 nan 397
1757093077373 nan 398
1757093077503 nan 399
1757093077636 nan 400
1757093077772 nan 401
1757093077926 nan 402
1757093078060 nan 403
1757093078201 nan 404
1757093078334 nan 405
1757093078466 nan 406
1757093078609 nan 407
1757093078747 nan 408
1757093078926 nan 409
1757093079079 nan 410
1757093079218 nan 411
1757093079361 nan 412
1757093079525 nan 413
1757093079688 nan 414
1757093079903 nan 415
1757093080076 nan 416
1757093080209 nan 417
1757093080344 nan 418
1757093080490 nan 419
1757093080632 nan 420
1757093080767 nan 421
1757093080905 nan 422
1757093081036 nan 423
1757093081174 nan 424
1757093081303 nan 425
1757093081437 nan 426
1757093081573 nan 427
1757093081715 nan 428
1757093081850 nan 429
1757093081985 nan 430
1757093082134 nan 431
1757093082274 nan 432
1757093082414 nan 433
1757093082546 nan 434
1757093082695 nan 435
1757093082826 nan 436
1757093082958 nan 437
1757093083105 nan 438
1757093083233 nan 439
1757093083366 nan 440
1757093083503 nan 441
1757093083636 nan 442
1757093083770 nan 443
1757093083930 nan 444
1757093084068 nan 445
1757093084209 nan 446
1757093084346 nan 447
1757093084483 nan 448
1757093084624 nan 449
1757093084954 nan 450
1757093085144 nan 451
1757093085569 nan 452
1757093085971 nan 453
1757093086347 nan 454
1757093086612 nan 455
1757093086857 nan 456
1757093087223 nan 457
1757093087587 nan 458
1757093087852 nan 459
1757093088044 nan 460
1757093088297 nan 461
1757093088522 nan 462
1757093088786 nan 463
1757093088997 nan 464
1757093089197 nan 465
1757093089504 nan 466
1757093089767 nan 467
1757093089983 nan 468
1757093090177 nan 469
1757093090364 nan 470
1757093090667 nan 471
1757093090835 nan 472
1757093090983 nan 473
1757093091129 nan 474
1757093091703 nan 475
1757093091853 nan 476
1757093092043 nan 477
1757093092223 nan 478
1757093092386 nan 479
1757093092546 nan 480
1757093092724 nan 481
1757093092901 nan 482
1757093093046 nan 483
1757093093193 nan 484
1757093093366 nan 485
1757093093593 nan 486
1757093093750 nan 487
1757093093890 nan 488
1757093094040 nan 489
1757093094180 nan 490
1757093094319 nan 491
1757093094660 nan 492
1757093095005 nan 493
1757093095161 nan 494
1757093095473 nan 495
1757093095623 nan 496
1757093095848 nan 497
1757093096007 nan 498
1757093096182 nan 499
