1757091953018 29663.87494894604 0
1757091953142 23365.560472151377 1
1757091953259 19019.612833905558 2
1757091953371 15788.343393816165 3
1757091953488 13297.448210316805 4
1757091953600 11343.279113228975 5
1757091953714 9795.4057587564 6
1757091953825 8561.498893046204 7
1757091953947 7572.784715236736 8
1757091954065 6776.782631887322 9
1757091954197 6132.96924439307 10
1757091954424 5609.848107856239 11
1757091954573 5182.830236311504 12
1757091954687 4832.649503803686 13
1757091954799 4544.159233991137 14
1757091954917 4305.411085434316 15
1757091955033 4106.946865616236 16
1757091955155 3941.252409200399 17
1757091955267 3802.3354123520903 18
1757091955379 3685.39836782629 19
1757091955492 3586.5846282303023 20
1757091955606 3502.7808092172104 21
1757091955830 3431.4626755742943 22
1757091956070 3370.5746458576837 23
1757091956218 3318.435335366344 24
1757091956341 3273.6633039443122 25
1757091956583 3235.118512884336 26
1757091956702 3201.856021193745 27
1757091956857 3173.089239324971 28
1757091956979 3148.160664169605 29
1757091957090 3126.518485331426 30
1757091957198 3107.697811985279 31
1757091957309 3091.3055468674543 32
1757091957426 3077.008148152891 33
1757091957540 3064.521685719553 34
1757091957650 3053.6037267412144 35
1757091957767 3044.0466852464365 36
1757091957884 3035.672347804078 37
1757091957997 3028.3273478921533 38
1757091958111 3021.8794086588564 39
1757091958225 3016.2142106793544 40
1757091958335 3011.2327702512353 41
1757091958458 3006.8492365300867 42
1757091958576 3002.989033754862 43
1757091958695 2999.5872890099645 44
1757091958814 2996.5874972368747 45
1757091958929 2993.940384178358 46
1757091959049 2991.6029351059915 47
1757091959169 2989.537562930463 48
1757091959283 2987.71139392271 49
1757091959388 2986.095653015504 50
1757091959503 2984.6651336920922 51
1757091959629 2983.397739943877 52
1757091959742 2982.274089805219 53
1757091959859 2981.277171638859 54
1757091959963 2980.3920457201866 55
1757091960073 2979.605584807934 56
1757091960187 2978.906248337198 57
1757091960302 2978.283885662958 58
1757091960411 2977.729564446746 59
1757091960530 2977.235420838518 60
1757091960643 2976.794528578263 61
1757091960758 2976.4007845423043 62
1757091960869 2976.0488085997254 63
1757091960983 2975.733855934557 64
1757091961101 2975.4517402374977 65
1757091961212 2975.198766383614 66
1757091961319 2974.971671395114 67
1757091961433 2974.767572645578 68
1757091961546 2974.5839223976277 69
1757091961655 2974.4184678832316 70
1757091961774 2974.269216237281 71
1757091961890 2974.1344036829514 72
1757091961994 2974.012468443692 73
1757091962107 2973.90202692297 74
1757091962216 2973.801852750569 75
1757091962325 2973.7108583444688 76
1757091962440 2973.628078681098 77
1757091962558 2973.5526570049387 78
1757091962735 2973.483832241796 79
1757091962844 2973.420927909127 80
1757091962990 2973.3633423423307 81
1757091963102 2973.3105400781005 82
