1757096340021 nan 0
1757096340198 nan 1
1757096340372 nan 2
1757096340559 nan 3
1757096340748 nan 4
1757096340907 nan 5
1757096341078 nan 6
1757096341776 nan 7
1757096341992 nan 8
1757096342198 nan 9
1757096342374 nan 10
1757096342774 nan 11
1757096343065 nan 12
1757096343475 nan 13
1757096343720 nan 14
1757096344111 nan 15
1757096344400 nan 16
1757096344730 nan 17
1757096344983 nan 18
1757096345290 nan 19
1757096346288 nan 20
1757096348098 nan 21
1757096348758 nan 22
1757096349063 nan 23
1757096349269 nan 24
1757096349490 nan 25
1757096349745 nan 26
1757096349977 nan 27
1757096350180 nan 28
1757096350563 nan 29
1757096350705 nan 30
1757096351010 nan 31
1757096351182 nan 32
1757096351387 nan 33
1757096351562 nan 34
1757096351745 nan 35
1757096351903 nan 36
1757096352128 nan 37
1757096352306 nan 38
1757096352525 nan 39
1757096352771 nan 40
1757096353020 nan 41
1757096353248 nan 42
1757096353509 nan 43
1757096353753 nan 44
1757096353961 nan 45
1757096354215 nan 46
1757096354449 nan 47
1757096354753 nan 48
1757096355139 nan 49
1757096355458 nan 50
1757096355670 nan 51
1757096355913 nan 52
1757096356135 nan 53
1757096356409 nan 54
1757096356634 nan 55
1757096356895 nan 56
1757096357397 nan 57
1757096357675 nan 58
1757096357997 nan 59
1757096358252 nan 60
1757096358496 nan 61
1757096358740 nan 62
1757096358982 nan 63
1757096359272 nan 64
1757096359629 nan 65
1757096360077 nan 66
1757096360504 nan 67
1757096360818 nan 68
1757096361071 nan 69
1757096361277 nan 70
1757096361466 nan 71
1757096361710 nan 72
1757096361983 nan 73
1757096362353 nan 74
1757096362763 nan 75
1757096363146 nan 76
1757096363382 nan 77
1757096363742 nan 78
1757096364100 nan 79
1757096364317 nan 80
1757096364950 nan 81
1757096366457 nan 82
1757096366662 nan 83
1757096366879 nan 84
1757096367039 nan 85
1757096367195 nan 86
1757096367381 nan 87
1757096367543 nan 88
1757096367713 nan 89
1757096367871 nan 90
1757096368037 nan 91
1757096368209 nan 92
1757096368387 nan 93
1757096368558 nan 94
1757096368738 nan 95
1757096368911 nan 96
1757096369186 nan 97
1757096369366 nan 98
1757096369607 nan 99
1757096369807 nan 100
1757096370004 nan 101
1757096370187 nan 102
1757096370363 nan 103
1757096370559 nan 104
1757096370708 nan 105
1757096370864 nan 106
1757096371002 nan 107
1757096371199 nan 108
1757096371345 nan 109
1757096371500 nan 110
1757096371690 nan 111
1757096372033 nan 112
1757096372219 nan 113
1757096372395 nan 114
1757096372543 nan 115
1757096372703 nan 116
1757096372860 nan 117
1757096373028 nan 118
1757096373186 nan 119
1757096373340 nan 120
1757096373498 nan 121
1757096373662 nan 122
1757096373814 nan 123
1757096373977 nan 124
1757096374156 nan 125
1757096374317 nan 126
1757096374471 nan 127
1757096374627 nan 128
1757096374782 nan 129
1757096374945 nan 130
1757096375098 nan 131
1757096375263 nan 132
1757096375434 nan 133
1757096375597 nan 134
1757096375787 nan 135
1757096376000 nan 136
1757096376154 nan 137
1757096376314 nan 138
1757096376478 nan 139
1757096376619 nan 140
1757096376771 nan 141
1757096376923 nan 142
1757096377079 nan 143
1757096377233 nan 144
1757096377388 nan 145
1757096377639 nan 146
1757096377798 nan 147
1757096377962 nan 148
1757096378130 nan 149
1757096378284 nan 150
1757096378429 nan 151
1757096378607 nan 152
1757096378745 nan 153
1757096378895 nan 154
1757096379046 nan 155
1757096379203 nan 156
1757096379358 nan 157
1757096379524 nan 158
1757096379746 nan 159
1757096379877 nan 160
1757096380014 nan 161
1757096380155 nan 162
1757096380312 nan 163
1757096380463 nan 164
1757096380605 nan 165
1757096380854 nan 166
1757096381055 nan 167
1757096381215 nan 168
1757096381350 nan 169
1757096381489 nan 170
1757096381651 nan 171
1757096382007 nan 172
1757096382115 nan 173
1757096382268 nan 174
1757096382426 nan 175
1757096382589 nan 176
1757096382743 nan 177
1757096382919 nan 178
1757096383091 nan 179
1757096383261 nan 180
1757096383441 nan 181
1757096383601 nan 182
1757096383764 nan 183
1757096383918 nan 184
1757096384067 nan 185
1757096384231 nan 186
1757096384403 nan 187
1757096384541 nan 188
1757096384702 nan 189
1757096384870 nan 190
1757096385053 nan 191
1757096385241 nan 192
1757096385487 nan 193
1757096385683 nan 194
1757096385948 nan 195
1757096386139 nan 196
1757096386321 nan 197
1757096386491 nan 198
1757096386652 nan 199
1757096386815 nan 200
1757096386983 nan 201
1757096387147 nan 202
1757096387291 nan 203
1757096387485 nan 204
1757096388122 nan 205
1757096388368 nan 206
1757096388670 nan 207
1757096388870 nan 208
1757096389042 nan 209
1757096389226 nan 210
1757096389436 nan 211
1757096389633 nan 212
1757096389842 nan 213
1757096390036 nan 214
1757096390287 nan 215
1757096390640 nan 216
1757096390860 nan 217
1757096391062 nan 218
1757096391303 nan 219
1757096391503 nan 220
1757096391677 nan 221
1757096391853 nan 222
1757096392063 nan 223
1757096392466 nan 224
1757096392682 nan 225
1757096392890 nan 226
1757096393080 nan 227
1757096393283 nan 228
1757096393450 nan 229
1757096393647 nan 230
1757096393930 nan 231
1757096394352 nan 232
1757096394702 nan 233
1757096394971 nan 234
1757096395246 nan 235
1757096395534 nan 236
1757096395840 nan 237
1757096396174 nan 238
1757096396520 nan 239
1757096396743 nan 240
1757096396925 nan 241
1757096397215 nan 242
1757096397525 nan 243
1757096397812 nan 244
1757096398124 nan 245
1757096398385 nan 246
1757096398595 nan 247
1757096398867 nan 248
1757096399109 nan 249
1757096399320 nan 250
1757096399641 nan 251
1757096399992 nan 252
1757096400187 nan 253
1757096400430 nan 254
1757096400654 nan 255
1757096401089 nan 256
1757096401485 nan 257
1757096401677 nan 258
1757096402114 nan 259
1757096402628 nan 260
1757096403017 nan 261
1757096403250 nan 262
1757096403493 nan 263
1757096403794 nan 264
1757096404105 nan 265
1757096404420 nan 266
1757096404730 nan 267
1757096405036 nan 268
1757096405447 nan 269
1757096405847 nan 270
1757096406228 nan 271
1757096406580 nan 272
1757096406971 nan 273
1757096407409 nan 274
1757096407619 nan 275
1757096407861 nan 276
1757096408096 nan 277
1757096408564 nan 278
1757096409456 nan 279
1757096409696 nan 280
1757096409890 nan 281
1757096410076 nan 282
1757096410264 nan 283
1757096410541 nan 284
1757096410750 nan 285
1757096410929 nan 286
1757096411137 nan 287
1757096411368 nan 288
1757096411553 nan 289
1757096411733 nan 290
1757096411886 nan 291
1757096412070 nan 292
1757096412275 nan 293
1757096412445 nan 294
1757096412628 nan 295
1757096412798 nan 296
1757096413045 nan 297
1757096413298 nan 298
1757096413615 nan 299
1757096413840 nan 300
1757096414008 nan 301
1757096414164 nan 302
1757096414334 nan 303
1757096414511 nan 304
1757096414696 nan 305
1757096415057 nan 306
1757096415248 nan 307
1757096415438 nan 308
1757096415639 nan 309
1757096415826 nan 310
1757096416012 nan 311
1757096416186 nan 312
1757096416369 nan 313
1757096416588 nan 314
1757096416744 nan 315
1757096416915 nan 316
1757096417084 nan 317
1757096417243 nan 318
1757096417407 nan 319
1757096417570 nan 320
1757096417759 nan 321
1757096417928 nan 322
1757096418110 nan 323
1757096418276 nan 324
1757096418437 nan 325
1757096418606 nan 326
1757096418759 nan 327
1757096418943 nan 328
1757096419097 nan 329
1757096419258 nan 330
1757096419426 nan 331
1757096419591 nan 332
1757096419761 nan 333
1757096419927 nan 334
1757096420095 nan 335
1757096420261 nan 336
1757096420430 nan 337
1757096420616 nan 338
1757096420927 nan 339
1757096421096 nan 340
1757096421256 nan 341
1757096421415 nan 342
1757096421574 nan 343
1757096421725 nan 344
1757096421885 nan 345
1757096422091 nan 346
1757096422253 nan 347
1757096422391 nan 348
1757096422543 nan 349
1757096422682 nan 350
1757096422821 nan 351
1757096422967 nan 352
1757096423120 nan 353
1757096423287 nan 354
1757096423530 nan 355
1757096423740 nan 356
1757096423959 nan 357
1757096424180 nan 358
1757096424424 nan 359
1757096424693 nan 360
1757096424971 nan 361
1757096425272 nan 362
1757096425640 nan 363
1757096425935 nan 364
1757096426417 nan 365
1757096426968 nan 366
1757096427368 nan 367
1757096427597 nan 368
1757096427944 nan 369
1757096428121 nan 370
1757096428276 nan 371
1757096429015 nan 372
1757096429189 nan 373
1757096429354 nan 374
1757096429541 nan 375
1757096429706 nan 376
1757096429877 nan 377
1757096430042 nan 378
1757096430198 nan 379
1757096430421 nan 380
1757096431040 nan 381
1757096431174 nan 382
1757096431466 nan 383
1757096431673 nan 384
1757096431887 nan 385
1757096432165 nan 386
1757096432357 nan 387
1757096432602 nan 388
1757096432795 nan 389
1757096433077 nan 390
1757096433410 nan 391
1757096433577 nan 392
1757096433794 nan 393
1757096434291 nan 394
1757096434674 nan 395
1757096434855 nan 396
1757096435108 nan 397
1757096435339 nan 398
1757096435643 nan 399
1757096435845 nan 400
1757096436112 nan 401
1757096436346 nan 402
1757096436570 nan 403
1757096437524 nan 404
1757096437866 nan 405
1757096438124 nan 406
1757096438309 nan 407
1757096438509 nan 408
1757096438705 nan 409
1757096438902 nan 410
1757096439105 nan 411
1757096439320 nan 412
1757096439605 nan 413
1757096439800 nan 414
1757096440019 nan 415
1757096440251 nan 416
1757096440422 nan 417
1757096440632 nan 418
1757096440860 nan 419
1757096441070 nan 420
1757096441238 nan 421
1757096441419 nan 422
1757096441789 nan 423
1757096442038 nan 424
1757096442959 nan 425
1757096443435 nan 426
1757096444703 nan 427
1757096445086 nan 428
1757096445351 nan 429
1757096445592 nan 430
1757096445801 nan 431
1757096446187 nan 432
1757096446563 nan 433
1757096446793 nan 434
1757096447002 nan 435
1757096447169 nan 436
1757096447326 nan 437
1757096447526 nan 438
1757096447752 nan 439
1757096447993 nan 440
1757096448346 nan 441
1757096448608 nan 442
1757096448788 nan 443
1757096449079 nan 444
1757096449244 nan 445
1757096449460 nan 446
1757096449787 nan 447
1757096449930 nan 448
1757096450211 nan 449
1757096450548 nan 450
1757096450917 nan 451
1757096451102 nan 452
1757096451285 nan 453
1757096451527 nan 454
1757096451729 nan 455
1757096451879 nan 456
1757096452072 nan 457
1757096452232 nan 458
1757096452379 nan 459
1757096453114 nan 460
1757096453385 nan 461
1757096453587 nan 462
1757096453848 nan 463
1757096454036 nan 464
1757096454211 nan 465
1757096454410 nan 466
1757096454611 nan 467
1757096454786 nan 468
1757096454954 nan 469
1757096455179 nan 470
1757096455361 nan 471
1757096455556 nan 472
1757096455711 nan 473
1757096455859 nan 474
1757096456004 nan 475
1757096456232 nan 476
1757096456446 nan 477
1757096456626 nan 478
1757096456789 nan 479
1757096456977 nan 480
1757096457298 nan 481
1757096457549 nan 482
1757096457745 nan 483
1757096457910 nan 484
1757096458152 nan 485
1757096458308 nan 486
1757096458456 nan 487
1757096458628 nan 488
1757096458799 nan 489
1757096458985 nan 490
1757096459230 nan 491
1757096459450 nan 492
1757096459658 nan 493
1757096459808 nan 494
1757096460019 nan 495
1757096460191 nan 496
1757096460388 nan 497
1757096460615 nan 498
1757096460804 nan 499
