1757097230791 nan 0
1757097231029 nan 1
1757097231285 nan 2
1757097231595 nan 3
1757097231859 nan 4
1757097232080 nan 5
1757097232252 nan 6
1757097232431 nan 7
1757097232616 nan 8
1757097232849 nan 9
1757097233031 nan 10
1757097233308 nan 11
1757097233676 nan 12
1757097233922 nan 13
1757097234309 nan 14
1757097234512 nan 15
1757097234765 nan 16
1757097235023 nan 17
1757097235236 nan 18
1757097235412 nan 19
1757097235832 nan 20
1757097236103 nan 21
1757097236351 nan 22
1757097236563 nan 23
1757097236741 nan 24
1757097237026 nan 25
1757097237213 nan 26
1757097237365 nan 27
1757097237530 nan 28
1757097237708 nan 29
1757097237914 nan 30
1757097238155 nan 31
1757097238339 nan 32
1757097238632 nan 33
1757097238842 nan 34
1757097239022 nan 35
1757097239197 nan 36
1757097239402 nan 37
1757097239591 nan 38
1757097239766 nan 39
1757097239941 nan 40
1757097240125 nan 41
1757097240296 nan 42
1757097240457 nan 43
1757097240668 nan 44
1757097241051 nan 45
1757097241255 nan 46
1757097241423 nan 47
1757097241605 nan 48
1757097241842 nan 49
1757097242028 nan 50
1757097242231 nan 51
1757097242401 nan 52
1757097242568 nan 53
1757097242808 nan 54
1757097243008 nan 55
1757097243183 nan 56
1757097243350 nan 57
1757097243506 nan 58
1757097243678 nan 59
1757097243900 nan 60
1757097244180 nan 61
1757097244511 nan 62
1757097244770 nan 63
1757097244956 nan 64
1757097245255 nan 65
1757097245424 nan 66
1757097245623 nan 67
1757097245954 nan 68
1757097246255 nan 69
1757097246611 nan 70
1757097246795 nan 71
1757097247094 nan 72
1757097247389 nan 73
1757097247762 nan 74
1757097248151 nan 75
1757097248312 nan 76
1757097248493 nan 77
1757097248664 nan 78
1757097248843 nan 79
1757097249031 nan 80
1757097249249 nan 81
1757097249480 nan 82
1757097249749 nan 83
1757097249900 nan 84
1757097250104 nan 85
1757097250321 nan 86
1757097250493 nan 87
1757097250808 nan 88
1757097250992 nan 89
1757097251207 nan 90
1757097251398 nan 91
1757097251593 nan 92
1757097251859 nan 93
1757097252069 nan 94
1757097252236 nan 95
1757097252400 nan 96
1757097252572 nan 97
1757097252768 nan 98
1757097252929 nan 99
1757097253100 nan 100
1757097253280 nan 101
1757097253448 nan 102
1757097253603 nan 103
1757097253838 nan 104
1757097254176 nan 105
1757097254434 nan 106
1757097254615 nan 107
1757097254809 nan 108
1757097255166 nan 109
1757097255439 nan 110
1757097255657 nan 111
1757097255860 nan 112
1757097256066 nan 113
1757097256308 nan 114
1757097256553 nan 115
1757097256787 nan 116
1757097256977 nan 117
1757097257227 nan 118
1757097257450 nan 119
1757097257623 nan 120
1757097257821 nan 121
1757097258052 nan 122
1757097258252 nan 123
1757097258479 nan 124
1757097258655 nan 125
1757097258838 nan 126
1757097259037 nan 127
1757097259230 nan 128
1757097259394 nan 129
1757097259603 nan 130
1757097259774 nan 131
1757097259927 nan 132
1757097260125 nan 133
1757097260454 nan 134
1757097260627 nan 135
1757097260820 nan 136
1757097261018 nan 137
1757097261207 nan 138
1757097261443 nan 139
1757097261699 nan 140
1757097261906 nan 141
1757097262090 nan 142
1757097262279 nan 143
1757097262471 nan 144
1757097262705 nan 145
1757097262901 nan 146
1757097263176 nan 147
1757097263410 nan 148
1757097263617 nan 149
1757097263775 nan 150
1757097263997 nan 151
1757097264166 nan 152
1757097264465 nan 153
1757097264670 nan 154
1757097264964 nan 155
1757097265250 nan 156
1757097265507 nan 157
1757097265792 nan 158
1757097266070 nan 159
1757097266373 nan 160
1757097266704 nan 161
1757097266866 nan 162
1757097267101 nan 163
1757097267295 nan 164
1757097267568 nan 165
1757097267762 nan 166
1757097267927 nan 167
1757097268106 nan 168
1757097268304 nan 169
1757097268523 nan 170
1757097268744 nan 171
1757097268913 nan 172
1757097269250 nan 173
1757097269430 nan 174
1757097269621 nan 175
1757097269884 nan 176
1757097270070 nan 177
1757097270248 nan 178
1757097270416 nan 179
1757097270705 nan 180
1757097270931 nan 181
1757097271117 nan 182
1757097271320 nan 183
1757097271510 nan 184
1757097271722 nan 185
1757097271917 nan 186
1757097272087 nan 187
1757097272278 nan 188
1757097272461 nan 189
1757097272653 nan 190
1757097272817 nan 191
1757097273248 nan 192
1757097273579 nan 193
1757097273831 nan 194
1757097274027 nan 195
1757097274219 nan 196
1757097274393 nan 197
1757097274574 nan 198
1757097274750 nan 199
1757097274925 nan 200
1757097275166 nan 201
1757097275487 nan 202
1757097275693 nan 203
1757097275863 nan 204
1757097276088 nan 205
1757097276251 nan 206
1757097276443 nan 207
1757097276608 nan 208
1757097276795 nan 209
1757097276987 nan 210
1757097277197 nan 211
1757097277359 nan 212
1757097277550 nan 213
1757097277743 nan 214
1757097277967 nan 215
1757097278170 nan 216
1757097278368 nan 217
1757097278555 nan 218
1757097278749 nan 219
1757097278942 nan 220
1757097279160 nan 221
1757097279381 nan 222
1757097280004 nan 223
1757097280187 nan 224
1757097280440 nan 225
1757097280616 nan 226
1757097280802 nan 227
1757097281000 nan 228
1757097281147 nan 229
1757097281340 nan 230
1757097281528 nan 231
1757097281722 nan 232
1757097281918 nan 233
1757097282150 nan 234
1757097282346 nan 235
1757097282552 nan 236
1757097282724 nan 237
1757097282896 nan 238
1757097283073 nan 239
1757097283223 nan 240
1757097283374 nan 241
1757097283521 nan 242
1757097283719 nan 243
1757097283946 nan 244
1757097284169 nan 245
1757097284404 nan 246
1757097284734 nan 247
1757097285022 nan 248
1757097285274 nan 249
1757097285571 nan 250
1757097285838 nan 251
1757097286281 nan 252
1757097286802 nan 253
1757097287158 nan 254
1757097287465 nan 255
1757097287715 nan 256
1757097288089 nan 257
1757097288322 nan 258
1757097288637 nan 259
1757097288916 nan 260
1757097289123 nan 261
1757097289636 nan 262
1757097289868 nan 263
1757097290068 nan 264
1757097290285 nan 265
1757097290582 nan 266
1757097290840 nan 267
1757097291148 nan 268
1757097291407 nan 269
1757097291628 nan 270
1757097291831 nan 271
1757097292055 nan 272
1757097292314 nan 273
1757097292545 nan 274
1757097292757 nan 275
1757097292991 nan 276
1757097293188 nan 277
1757097293535 nan 278
1757097293870 nan 279
1757097294540 nan 280
1757097294982 nan 281
1757097295200 nan 282
1757097295686 nan 283
1757097297004 nan 284
1757097297229 nan 285
1757097297434 nan 286
1757097297663 nan 287
1757097298100 nan 288
1757097298649 nan 289
1757097298950 nan 290
1757097299230 nan 291
1757097299480 nan 292
1757097299844 nan 293
1757097307941 nan 294
1757097308267 nan 295
1757097308641 nan 296
1757097308982 nan 297
1757097309253 nan 298
1757097309573 nan 299
1757097309861 nan 300
1757097310181 nan 301
1757097310387 nan 302
1757097310680 nan 303
1757097310906 nan 304
1757097311174 nan 305
1757097311658 nan 306
1757097311957 nan 307
1757097312429 nan 308
1757097312660 nan 309
1757097312824 nan 310
1757097313024 nan 311
1757097313207 nan 312
1757097313418 nan 313
1757097313783 nan 314
1757097314282 nan 315
1757097314611 nan 316
1757097314903 nan 317
1757097315225 nan 318
1757097315466 nan 319
1757097315712 nan 320
1757097316169 nan 321
1757097316414 nan 322
1757097316628 nan 323
1757097316847 nan 324
1757097317107 nan 325
1757097317278 nan 326
1757097317575 nan 327
1757097317810 nan 328
1757097318057 nan 329
1757097318364 nan 330
1757097318613 nan 331
1757097318768 nan 332
1757097318922 nan 333
1757097319089 nan 334
1757097319259 nan 335
1757097319437 nan 336
1757097319674 nan 337
1757097319963 nan 338
1757097320175 nan 339
1757097320474 nan 340
1757097320992 nan 341
1757097321190 nan 342
1757097321431 nan 343
1757097321670 nan 344
1757097321991 nan 345
1757097322275 nan 346
1757097322551 nan 347
1757097322849 nan 348
1757097323086 nan 349
1757097323402 nan 350
1757097323716 nan 351
1757097323899 nan 352
1757097324137 nan 353
1757097324366 nan 354
1757097324531 nan 355
1757097324803 nan 356
1757097325081 nan 357
1757097325274 nan 358
1757097325458 nan 359
1757097325656 nan 360
1757097325941 nan 361
1757097326182 nan 362
1757097326442 nan 363
1757097326687 nan 364
1757097326853 nan 365
1757097327001 nan 366
1757097327169 nan 367
1757097327534 nan 368
1757097327783 nan 369
1757097328090 nan 370
1757097328367 nan 371
1757097328620 nan 372
1757097328787 nan 373
1757097329033 nan 374
1757097329282 nan 375
1757097329540 nan 376
1757097329813 nan 377
1757097330011 nan 378
1757097330211 nan 379
1757097330360 nan 380
1757097330740 nan 381
1757097331013 nan 382
1757097331176 nan 383
1757097331332 nan 384
1757097331511 nan 385
1757097331740 nan 386
1757097331928 nan 387
1757097332120 nan 388
1757097332304 nan 389
1757097332533 nan 390
1757097332769 nan 391
1757097333025 nan 392
1757097333258 nan 393
1757097333473 nan 394
1757097333671 nan 395
1757097334060 nan 396
1757097334273 nan 397
1757097334586 nan 398
1757097334875 nan 399
1757097335122 nan 400
1757097335330 nan 401
1757097335530 nan 402
1757097335727 nan 403
1757097336081 nan 404
1757097336366 nan 405
1757097336641 nan 406
1757097336789 nan 407
1757097337003 nan 408
1757097337175 nan 409
1757097337372 nan 410
1757097337572 nan 411
1757097337768 nan 412
1757097337927 nan 413
1757097338117 nan 414
1757097338310 nan 415
1757097338525 nan 416
1757097338704 nan 417
1757097338888 nan 418
1757097339068 nan 419
1757097339297 nan 420
1757097339817 nan 421
1757097339999 nan 422
1757097340198 nan 423
1757097340582 nan 424
1757097340760 nan 425
1757097341000 nan 426
1757097341214 nan 427
1757097341395 nan 428
1757097341554 nan 429
1757097341705 nan 430
1757097341864 nan 431
1757097342031 nan 432
1757097342182 nan 433
1757097342373 nan 434
1757097342597 nan 435
1757097342855 nan 436
1757097343066 nan 437
1757097343349 nan 438
1757097343505 nan 439
1757097343707 nan 440
1757097343906 nan 441
1757097344096 nan 442
1757097344285 nan 443
1757097344421 nan 444
1757097344576 nan 445
1757097344776 nan 446
1757097344945 nan 447
1757097345119 nan 448
1757097345365 nan 449
1757097345526 nan 450
1757097345831 nan 451
1757097346018 nan 452
1757097346256 nan 453
1757097346552 nan 454
1757097346933 nan 455
1757097347201 nan 456
1757097347365 nan 457
1757097347567 nan 458
1757097347726 nan 459
1757097347916 nan 460
1757097348067 nan 461
1757097348286 nan 462
1757097348450 nan 463
1757097348629 nan 464
1757097348826 nan 465
1757097348999 nan 466
1757097349170 nan 467
1757097349372 nan 468
1757097349530 nan 469
1757097349709 nan 470
1757097349996 nan 471
1757097350210 nan 472
1757097350433 nan 473
1757097350602 nan 474
1757097350825 nan 475
1757097351192 nan 476
1757097351417 nan 477
1757097351653 nan 478
1757097351873 nan 479
1757097352088 nan 480
1757097352292 nan 481
1757097352490 nan 482
1757097352748 nan 483
1757097352936 nan 484
1757097353116 nan 485
1757097353551 nan 486
1757097353723 nan 487
1757097353889 nan 488
1757097354078 nan 489
1757097354239 nan 490
1757097354428 nan 491
1757097354761 nan 492
1757097355017 nan 493
1757097355224 nan 494
1757097355434 nan 495
1757097355603 nan 496
1757097355774 nan 497
1757097355969 nan 498
1757097356161 nan 499
