1757091587052 26479.35922330097 0
1757091587193 21497.20801245359 1
1757091587300 17846.062760515506 2
1757091587406 15044.380775587073 3
1757091587516 12843.116117001542 4
1757091587635 11091.696046642066 5
1757091587750 9687.639853128449 6
1757091587865 8556.002468481807 7
1757091587975 7639.842242542679 8
1757091588097 6895.050964109224 9
1757091588207 6287.115731079215 10
1757091588325 5788.874586935293 11
1757091588445 5378.866785511289 12
1757091588561 5040.082464516781 13
1757091588678 4759.000367222359 14
1757091588800 4524.841393431127 15
1757091588921 4328.987027135388 16
1757091589039 4164.524954773921 17
1757091589154 4025.8933124237647 18
1757091589271 3908.601646744414 19
1757091589396 3809.011665998548 20
1757091589519 3724.1646651854603 21
1757091589647 3651.6454376769525 22
1757091589761 3589.474747846618 23
1757091589875 3536.024191240156 24
1757091589994 3489.9486282181183 25
1757091590110 3450.1324330750867 26
1757091590225 3415.646621932059 27
1757091590339 3385.714561991847 28
1757091590459 3359.684462797675 29
1757091590608 3337.007238473786 30
1757091590724 3317.2186329780766 31
1757091590842 3299.9247371006036 32
1757091590961 3284.790210996423 33
1757091591078 3271.5286708619983 34
1757091591197 3259.8948118220596 35
1757091591312 3249.6779280856313 36
1757091591430 3240.696561322364 37
1757091591546 3232.7940631800425 38
1757091591665 3225.834901164533 39
1757091591780 3219.701571269781 40
1757091591900 3214.292007754378 41
1757091592021 3209.5174018555012 42
1757091592137 3205.3003582149017 43
1757091592255 3201.573331306459 44
1757091592375 3198.2772949366745 45
1757091592490 3195.360606514765 46
1757091592602 3192.7780347092125 47
1757091592804 3190.489924677245 48
1757091592915 3188.4614795509788 49
1757091593027 3186.662140507914 50
1757091593146 3185.065050716601 51
1757091593265 3183.6465908668074 52
1757091593382 3182.385975974959 53
1757091593500 3181.2649047854334 54
1757091593611 3180.2672544340144 55
1757091593730 3179.378814155422 56
1757091593844 3178.587052745403 57
1757091593961 3177.8809152635654 58
1757091594081 3177.250645113823 59
1757091594198 3176.6876281870536 60
1757091594311 3176.1842562132942 61
1757091594429 3175.733806863132 62
1757091594544 3175.3303384716373 63
1757091594662 3174.968597542879 64
1757091594779 3174.6439374367305 65
1757091594896 3174.352246848704 66
1757091595011 3174.0898868734525 67
1757091595125 3173.8536355976394 68
1757091595243 3173.6406393019574 69
1757091595359 3173.4483694681367 70
1757091595477 3173.2745848875043 71
1757091595592 3173.117298255174 72
1757091595707 3172.9747467101506 73
1757091595822 3172.8453658479925 74
1757091595938 3172.7277667906556 75
1757091596057 3172.62071594877 76
1757091596178 3172.523117155857 77
1757091596296 3172.4339958927994 78
