1757158628039 nan 0
1757158628184 nan 1
1757158628307 nan 2
1757158628435 nan 3
1757158628578 nan 4
1757158628697 nan 5
1757158628843 nan 6
1757158628986 nan 7
1757158629105 nan 8
1757158629223 nan 9
1757158629342 nan 10
1757158629463 nan 11
1757158629588 nan 12
1757158629707 nan 13
1757158629835 nan 14
1757158629959 nan 15
1757158630098 nan 16
1757158630223 nan 17
1757158630357 nan 18
1757158630614 nan 19
1757158630743 nan 20
1757158630899 nan 21
1757158631023 nan 22
1757158631143 nan 23
1757158631269 nan 24
1757158631394 nan 25
1757158631544 nan 26
1757158631701 nan 27
1757158631846 nan 28
1757158631970 nan 29
1757158632096 nan 30
1757158632220 nan 31
1757158632347 nan 32
1757158632474 nan 33
1757158632592 nan 34
1757158632716 nan 35
1757158632837 nan 36
1757158632969 nan 37
1757158633089 nan 38
1757158633216 nan 39
1757158633338 nan 40
1757158633472 nan 41
1757158633597 nan 42
1757158633723 nan 43
1757158633844 nan 44
1757158633971 nan 45
1757158634092 nan 46
1757158634220 nan 47
1757158634344 nan 48
1757158634484 nan 49
1757158634603 nan 50
1757158634729 nan 51
1757158634852 nan 52
1757158634991 nan 53
1757158635122 nan 54
1757158635245 nan 55
1757158635369 nan 56
1757158635489 nan 57
1757158635616 nan 58
1757158635744 nan 59
1757158635865 nan 60
1757158635984 nan 61
1757158636107 nan 62
1757158636228 nan 63
1757158636347 nan 64
1757158636470 nan 65
1757158636604 nan 66
1757158636723 nan 67
1757158636845 nan 68
1757158636968 nan 69
1757158637134 nan 70
1757158637261 nan 71
1757158637387 nan 72
1757158637514 nan 73
1757158637641 nan 74
1757158637767 nan 75
1757158637891 nan 76
1757158638011 nan 77
1757158638134 nan 78
1757158638255 nan 79
1757158638376 nan 80
1757158638495 nan 81
1757158638629 nan 82
1757158638748 nan 83
1757158638869 nan 84
1757158638998 nan 85
1757158639129 nan 86
1757158639260 nan 87
1757158639378 nan 88
1757158639493 nan 89
1757158639617 nan 90
1757158639739 nan 91
1757158639859 nan 92
1757158639982 nan 93
1757158640105 nan 94
1757158640237 nan 95
1757158640359 nan 96
1757158640482 nan 97
1757158640613 nan 98
1757158640777 nan 99
1757158640899 nan 100
1757158641037 nan 101
1757158641169 nan 102
1757158641308 nan 103
1757158641439 nan 104
1757158641680 nan 105
1757158641816 nan 106
1757158641974 nan 107
1757158642098 nan 108
1757158642225 nan 109
1757158642350 nan 110
1757158642479 nan 111
1757158642609 nan 112
1757158642732 nan 113
1757158642870 nan 114
1757158642998 nan 115
1757158643128 nan 116
1757158643257 nan 117
1757158643435 nan 118
1757158643555 nan 119
1757158643687 nan 120
1757158643813 nan 121
1757158643939 nan 122
1757158644065 nan 123
1757158644189 nan 124
1757158644313 nan 125
1757158644471 nan 126
1757158644670 nan 127
1757158644817 nan 128
1757158644963 nan 129
1757158645091 nan 130
1757158645217 nan 131
1757158645344 nan 132
1757158645492 nan 133
1757158645615 nan 134
1757158645739 nan 135
1757158645867 nan 136
1757158646005 nan 137
1757158646136 nan 138
1757158646265 nan 139
1757158646397 nan 140
1757158646536 nan 141
1757158646662 nan 142
1757158646790 nan 143
1757158646916 nan 144
1757158647048 nan 145
1757158647170 nan 146
1757158647297 nan 147
1757158647423 nan 148
1757158647565 nan 149
1757158647693 nan 150
1757158647819 nan 151
1757158647946 nan 152
1757158648090 nan 153
1757158648219 nan 154
1757158648343 nan 155
1757158648472 nan 156
1757158648638 nan 157
1757158648773 nan 158
1757158648913 nan 159
1757158649043 nan 160
1757158649176 nan 161
1757158649302 nan 162
1757158649426 nan 163
1757158649568 nan 164
1757158649697 nan 165
1757158649823 nan 166
1757158649946 nan 167
1757158650073 nan 168
1757158650198 nan 169
1757158650328 nan 170
1757158650462 nan 171
1757158650590 nan 172
1757158650715 nan 173
1757158650855 nan 174
1757158651038 nan 175
1757158651163 nan 176
1757158651290 nan 177
1757158651425 nan 178
1757158651664 nan 179
1757158651813 nan 180
1757158651980 nan 181
1757158652109 nan 182
1757158652242 nan 183
1757158652370 nan 184
1757158652500 nan 185
1757158652627 nan 186
1757158652758 nan 187
1757158652880 nan 188
1757158653006 nan 189
1757158653130 nan 190
1757158653254 nan 191
1757158653384 nan 192
1757158653531 nan 193
1757158653667 nan 194
1757158653819 nan 195
1757158653946 nan 196
1757158654074 nan 197
1757158654200 nan 198
1757158654332 nan 199
1757158654466 nan 200
1757158654596 nan 201
1757158654720 nan 202
1757158654843 nan 203
1757158654967 nan 204
1757158655089 nan 205
1757158655212 nan 206
1757158655345 nan 207
1757158655468 nan 208
1757158655598 nan 209
1757158655725 nan 210
1757158655883 nan 211
1757158656003 nan 212
1757158656125 nan 213
1757158656252 nan 214
1757158656378 nan 215
1757158656499 nan 216
1757158656627 nan 217
1757158656748 nan 218
1757158656868 nan 219
1757158656992 nan 220
1757158657114 nan 221
1757158657233 nan 222
1757158657370 nan 223
1757158657495 nan 224
1757158657621 nan 225
1757158657746 nan 226
1757158657884 nan 227
1757158658010 nan 228
1757158658137 nan 229
1757158658265 nan 230
1757158658389 nan 231
1757158658519 nan 232
1757158658650 nan 233
1757158658770 nan 234
1757158658894 nan 235
1757158659013 nan 236
1757158659138 nan 237
1757158659264 nan 238
1757158659388 nan 239
1757158659513 nan 240
1757158659637 nan 241
1757158659762 nan 242
1757158659881 nan 243
1757158660014 nan 244
1757158660136 nan 245
1757158660265 nan 246
1757158660383 nan 247
1757158660510 nan 248
1757158660638 nan 249
1757158660763 nan 250
1757158660882 nan 251
1757158661006 nan 252
1757158661215 nan 253
1757158661337 nan 254
1757158661458 nan 255
1757158661611 nan 256
1757158661862 nan 257
1757158661966 nan 258
1757158662171 nan 259
1757158662300 nan 260
1757158662423 nan 261
1757158662544 nan 262
1757158662661 nan 263
1757158662787 nan 264
1757158662914 nan 265
1757158663038 nan 266
1757158663164 nan 267
1757158663290 nan 268
1757158663414 nan 269
1757158663538 nan 270
1757158663667 nan 271
1757158663792 nan 272
1757158663920 nan 273
1757158664041 nan 274
1757158664185 nan 275
1757158664311 nan 276
1757158664447 nan 277
1757158664576 nan 278
1757158664696 nan 279
1757158664818 nan 280
1757158664940 nan 281
1757158665061 nan 282
1757158665180 nan 283
1757158665301 nan 284
1757158665425 nan 285
1757158665545 nan 286
1757158665669 nan 287
1757158665792 nan 288
1757158665913 nan 289
1757158666033 nan 290
1757158666159 nan 291
1757158666295 nan 292
1757158666423 nan 293
1757158666549 nan 294
1757158666673 nan 295
1757158666797 nan 296
1757158666920 nan 297
1757158667049 nan 298
1757158667180 nan 299
1757158667306 nan 300
1757158667431 nan 301
1757158667556 nan 302
1757158667680 nan 303
1757158667811 nan 304
1757158667929 nan 305
1757158668070 nan 306
1757158668191 nan 307
1757158668333 nan 308
1757158668458 nan 309
1757158668589 nan 310
1757158668712 nan 311
1757158668841 nan 312
1757158668964 nan 313
1757158669087 nan 314
1757158669218 nan 315
1757158669362 nan 316
1757158669489 nan 317
1757158669651 nan 318
1757158669788 nan 319
1757158669916 nan 320
1757158670043 nan 321
1757158670170 nan 322
1757158670292 nan 323
1757158670450 nan 324
1757158670582 nan 325
1757158670729 nan 326
1757158670851 nan 327
1757158670975 nan 328
1757158671100 nan 329
1757158671235 nan 330
1757158671386 nan 331
1757158671522 nan 332
1757158671700 nan 333
1757158671866 nan 334
1757158671980 nan 335
1757158672102 nan 336
1757158672226 nan 337
1757158672352 nan 338
1757158672503 nan 339
1757158672628 nan 340
1757158672750 nan 341
1757158672874 nan 342
1757158672995 nan 343
1757158673114 nan 344
1757158673254 nan 345
1757158673371 nan 346
1757158673491 nan 347
1757158673615 nan 348
1757158673737 nan 349
1757158673870 nan 350
1757158673993 nan 351
1757158674116 nan 352
1757158674231 nan 353
1757158674358 nan 354
1757158674520 nan 355
1757158674642 nan 356
1757158674763 nan 357
1757158674886 nan 358
1757158675005 nan 359
1757158675140 nan 360
1757158675260 nan 361
1757158675381 nan 362
1757158675510 nan 363
1757158675637 nan 364
1757158675773 nan 365
1757158675899 nan 366
1757158676023 nan 367
1757158676151 nan 368
1757158676280 nan 369
1757158676438 nan 370
1757158676592 nan 371
1757158676713 nan 372
1757158676840 nan 373
1757158676956 nan 374
1757158677080 nan 375
1757158677205 nan 376
1757158677330 nan 377
1757158677458 nan 378
1757158677580 nan 379
1757158677702 nan 380
1757158677825 nan 381
1757158677948 nan 382
1757158678076 nan 383
1757158678205 nan 384
1757158678327 nan 385
1757158678450 nan 386
1757158678586 nan 387
1757158678730 nan 388
1757158678855 nan 389
1757158678978 nan 390
1757158679098 nan 391
1757158679235 nan 392
1757158679362 nan 393
1757158679489 nan 394
1757158679623 nan 395
1757158679757 nan 396
1757158679895 nan 397
1757158680023 nan 398
1757158680183 nan 399
1757158680311 nan 400
1757158680448 nan 401
1757158680579 nan 402
1757158680755 nan 403
1757158680881 nan 404
1757158681010 nan 405
1757158681131 nan 406
1757158681261 nan 407
1757158681385 nan 408
1757158681515 nan 409
1757158681683 nan 410
1757158681850 nan 411
1757158681974 nan 412
1757158682093 nan 413
1757158682219 nan 414
1757158682359 nan 415
1757158682484 nan 416
1757158682609 nan 417
1757158682741 nan 418
1757158682893 nan 419
1757158683014 nan 420
1757158683140 nan 421
1757158683264 nan 422
1757158683387 nan 423
1757158683527 nan 424
1757158683654 nan 425
1757158683787 nan 426
1757158683923 nan 427
1757158684046 nan 428
1757158684173 nan 429
1757158684321 nan 430
1757158684472 nan 431
1757158684598 nan 432
1757158684727 nan 433
1757158684886 nan 434
1757158685034 nan 435
1757158685163 nan 436
1757158685304 nan 437
1757158685441 nan 438
1757158685575 nan 439
1757158685714 nan 440
1757158685858 nan 441
1757158686014 nan 442
1757158686143 nan 443
1757158686280 nan 444
1757158686416 nan 445
1757158686556 nan 446
1757158686700 nan 447
1757158686830 nan 448
1757158687027 nan 449
1757158687177 nan 450
1757158688599 nan 451
1757158688762 nan 452
1757158688939 nan 453
1757158689156 nan 454
1757158689306 nan 455
1757158689466 nan 456
1757158689671 nan 457
1757158689920 nan 458
1757158690059 nan 459
1757158690188 nan 460
1757158690315 nan 461
1757158690450 nan 462
1757158690585 nan 463
1757158690718 nan 464
1757158690888 nan 465
1757158691018 nan 466
1757158691191 nan 467
1757158691325 nan 468
1757158691457 nan 469
1757158691688 nan 470
1757158691800 nan 471
1757158692031 nan 472
1757158692160 nan 473
1757158692288 nan 474
1757158692418 nan 475
1757158692545 nan 476
1757158692675 nan 477
1757158692800 nan 478
1757158692927 nan 479
1757158693061 nan 480
1757158693210 nan 481
1757158693345 nan 482
1757158693483 nan 483
1757158693613 nan 484
1757158693747 nan 485
1757158693879 nan 486
1757158694032 nan 487
1757158694160 nan 488
1757158694295 nan 489
1757158694452 nan 490
1757158694605 nan 491
1757158694796 nan 492
1757158695041 nan 493
1757158695221 nan 494
1757158695377 nan 495
1757158695533 nan 496
1757158695673 nan 497
1757158695801 nan 498
1757158695925 nan 499
