1757094031391 nan 0
1757094031525 nan 1
1757094031663 nan 2
1757094031791 nan 3
1757094031972 nan 4
1757094032100 nan 5
1757094032249 nan 6
1757094032376 nan 7
1757094032521 nan 8
1757094032652 nan 9
1757094032777 nan 10
1757094032899 nan 11
1757094033046 nan 12
1757094033175 nan 13
1757094033305 nan 14
1757094033427 nan 15
1757094033550 nan 16
1757094033673 nan 17
1757094033798 nan 18
1757094033922 nan 19
1757094034040 nan 20
1757094034159 nan 21
1757094034281 nan 22
1757094034405 nan 23
1757094034529 nan 24
1757094034659 nan 25
1757094034786 nan 26
1757094034910 nan 27
1757094035042 nan 28
1757094035176 nan 29
1757094035314 nan 30
1757094035444 nan 31
1757094035565 nan 32
1757094035693 nan 33
1757094035835 nan 34
1757094035970 nan 35
1757094036101 nan 36
1757094036231 nan 37
1757094036357 nan 38
1757094036484 nan 39
1757094036619 nan 40
1757094036756 nan 41
1757094036884 nan 42
1757094037060 nan 43
1757094037194 nan 44
1757094037325 nan 45
1757094037453 nan 46
1757094037579 nan 47
1757094037714 nan 48
1757094037836 nan 49
1757094037968 nan 50
1757094038098 nan 51
1757094038229 nan 52
1757094038363 nan 53
1757094038506 nan 54
1757094038661 nan 55
1757094038837 nan 56
1757094038981 nan 57
1757094039113 nan 58
1757094039243 nan 59
1757094039373 nan 60
1757094039508 nan 61
1757094039653 nan 62
1757094039792 nan 63
1757094039921 nan 64
1757094040055 nan 65
1757094040189 nan 66
1757094040349 nan 67
1757094040521 nan 68
1757094040663 nan 69
1757094040795 nan 70
1757094040925 nan 71
1757094041071 nan 72
1757094041216 nan 73
1757094041351 nan 74
1757094041493 nan 75
1757094041637 nan 76
1757094041777 nan 77
1757094041911 nan 78
1757094042050 nan 79
1757094042190 nan 80
1757094042507 nan 81
1757094042673 nan 82
1757094042830 nan 83
1757094042977 nan 84
1757094043123 nan 85
1757094043254 nan 86
1757094043407 nan 87
1757094043614 nan 88
1757094043761 nan 89
1757094043905 nan 90
1757094044042 nan 91
1757094044174 nan 92
1757094044309 nan 93
1757094044439 nan 94
1757094044576 nan 95
1757094044704 nan 96
1757094044838 nan 97
1757094044971 nan 98
1757094045102 nan 99
1757094045247 nan 100
1757094045383 nan 101
1757094045520 nan 102
1757094045787 nan 103
1757094046000 nan 104
1757094046144 nan 105
1757094046295 nan 106
1757094046433 nan 107
1757094046584 nan 108
1757094046741 nan 109
1757094046881 nan 110
1757094047016 nan 111
1757094047150 nan 112
1757094047288 nan 113
1757094047425 nan 114
1757094047555 nan 115
1757094047686 nan 116
1757094047834 nan 117
1757094047999 nan 118
1757094048133 nan 119
1757094048263 nan 120
1757094048398 nan 121
1757094048546 nan 122
1757094048693 nan 123
1757094048851 nan 124
1757094048999 nan 125
1757094049135 nan 126
1757094049271 nan 127
1757094049410 nan 128
1757094049542 nan 129
1757094049692 nan 130
1757094049821 nan 131
1757094049971 nan 132
1757094050114 nan 133
1757094050248 nan 134
1757094050425 nan 135
1757094050573 nan 136
1757094050716 nan 137
1757094050858 nan 138
1757094051013 nan 139
1757094051160 nan 140
1757094051301 nan 141
1757094051437 nan 142
1757094051576 nan 143
1757094051715 nan 144
1757094051859 nan 145
1757094051998 nan 146
1757094052141 nan 147
1757094052277 nan 148
1757094052423 nan 149
1757094052662 nan 150
1757094052805 nan 151
1757094052944 nan 152
1757094053091 nan 153
1757094053232 nan 154
1757094053367 nan 155
1757094053515 nan 156
1757094053654 nan 157
1757094053855 nan 158
1757094054016 nan 159
1757094054168 nan 160
1757094054303 nan 161
1757094054439 nan 162
1757094054572 nan 163
1757094054709 nan 164
1757094054847 nan 165
1757094054978 nan 166
1757094055115 nan 167
1757094055266 nan 168
1757094055401 nan 169
1757094055535 nan 170
1757094055669 nan 171
1757094055803 nan 172
1757094055937 nan 173
1757094056066 nan 174
1757094056201 nan 175
1757094056335 nan 176
1757094056463 nan 177
1757094056599 nan 178
1757094056751 nan 179
1757094056881 nan 180
1757094057008 nan 181
1757094057140 nan 182
1757094057274 nan 183
1757094057414 nan 184
1757094057554 nan 185
1757094057698 nan 186
1757094057850 nan 187
1757094057994 nan 188
1757094058137 nan 189
1757094058278 nan 190
1757094058423 nan 191
1757094058568 nan 192
1757094058713 nan 193
1757094058859 nan 194
1757094058991 nan 195
1757094059149 nan 196
1757094059360 nan 197
1757094059518 nan 198
1757094059669 nan 199
1757094059803 nan 200
1757094059936 nan 201
1757094060074 nan 202
1757094060207 nan 203
1757094060341 nan 204
1757094060486 nan 205
1757094060642 nan 206
1757094060768 nan 207
1757094060912 nan 208
1757094061055 nan 209
1757094061192 nan 210
1757094061381 nan 211
1757094061531 nan 212
1757094061664 nan 213
1757094061801 nan 214
1757094061943 nan 215
1757094062086 nan 216
1757094062228 nan 217
1757094062352 nan 218
1757094062494 nan 219
1757094062630 nan 220
1757094062757 nan 221
1757094062898 nan 222
1757094063026 nan 223
1757094063157 nan 224
1757094063285 nan 225
1757094063414 nan 226
1757094063553 nan 227
1757094063684 nan 228
1757094063817 nan 229
1757094063955 nan 230
1757094064096 nan 231
1757094064231 nan 232
1757094064361 nan 233
1757094064503 nan 234
1757094064663 nan 235
1757094064791 nan 236
1757094064929 nan 237
1757094065065 nan 238
1757094065193 nan 239
1757094065333 nan 240
1757094065468 nan 241
1757094065601 nan 242
1757094065742 nan 243
1757094065876 nan 244
1757094066015 nan 245
1757094066247 nan 246
1757094066424 nan 247
1757094066561 nan 248
1757094066707 nan 249
1757094066850 nan 250
1757094066988 nan 251
1757094067135 nan 252
1757094067276 nan 253
1757094067431 nan 254
1757094067570 nan 255
1757094067708 nan 256
1757094067869 nan 257
1757094068006 nan 258
1757094068141 nan 259
1757094068276 nan 260
1757094068408 nan 261
1757094068545 nan 262
1757094068814 nan 263
1757094068968 nan 264
1757094069106 nan 265
1757094069262 nan 266
1757094069446 nan 267
1757094069644 nan 268
1757094069800 nan 269
1757094069954 nan 270
1757094070094 nan 271
1757094070227 nan 272
1757094070367 nan 273
1757094070512 nan 274
1757094070668 nan 275
1757094070827 nan 276
1757094070982 nan 277
1757094071147 nan 278
1757094071290 nan 279
1757094071434 nan 280
1757094071569 nan 281
1757094071711 nan 282
1757094071853 nan 283
1757094071983 nan 284
1757094072145 nan 285
1757094072284 nan 286
1757094072417 nan 287
1757094072571 nan 288
1757094072710 nan 289
1757094072857 nan 290
1757094073001 nan 291
1757094073137 nan 292
1757094073269 nan 293
1757094073497 nan 294
1757094073648 nan 295
1757094073794 nan 296
1757094073921 nan 297
1757094074053 nan 298
1757094074203 nan 299
1757094074345 nan 300
1757094074471 nan 301
1757094074610 nan 302
1757094074752 nan 303
1757094074890 nan 304
1757094075031 nan 305
1757094075184 nan 306
1757094075318 nan 307
1757094075444 nan 308
1757094075569 nan 309
1757094075712 nan 310
1757094075842 nan 311
1757094075963 nan 312
1757094076200 nan 313
1757094076355 nan 314
1757094076503 nan 315
1757094076633 nan 316
1757094076768 nan 317
1757094076921 nan 318
1757094077063 nan 319
1757094077201 nan 320
1757094077347 nan 321
1757094077482 nan 322
1757094077612 nan 323
1757094077748 nan 324
1757094078006 nan 325
1757094078156 nan 326
1757094078290 nan 327
1757094078424 nan 328
1757094078569 nan 329
1757094078715 nan 330
1757094078855 nan 331
1757094078987 nan 332
1757094079119 nan 333
1757094079247 nan 334
1757094079379 nan 335
1757094079507 nan 336
1757094079639 nan 337
1757094079763 nan 338
1757094079900 nan 339
1757094080027 nan 340
1757094080156 nan 341
1757094080286 nan 342
1757094080421 nan 343
1757094080549 nan 344
1757094080679 nan 345
1757094080800 nan 346
1757094080929 nan 347
1757094081057 nan 348
1757094081189 nan 349
1757094081395 nan 350
1757094081570 nan 351
1757094081748 nan 352
1757094081909 nan 353
1757094082055 nan 354
1757094082198 nan 355
1757094082337 nan 356
1757094082477 nan 357
1757094082621 nan 358
1757094082758 nan 359
1757094082893 nan 360
1757094083047 nan 361
1757094083189 nan 362
1757094083331 nan 363
1757094083468 nan 364
1757094083609 nan 365
1757094083736 nan 366
1757094083866 nan 367
1757094083995 nan 368
1757094084128 nan 369
1757094084261 nan 370
1757094084401 nan 371
1757094084535 nan 372
1757094084671 nan 373
1757094084804 nan 374
1757094084939 nan 375
1757094085077 nan 376
1757094085214 nan 377
1757094085361 nan 378
1757094085495 nan 379
1757094085630 nan 380
1757094085759 nan 381
1757094085888 nan 382
1757094086121 nan 383
1757094086249 nan 384
1757094086378 nan 385
1757094086517 nan 386
1757094086647 nan 387
1757094086780 nan 388
1757094086908 nan 389
1757094087040 nan 390
1757094087172 nan 391
1757094087304 nan 392
1757094087441 nan 393
1757094087574 nan 394
1757094087708 nan 395
1757094087843 nan 396
1757094087978 nan 397
1757094088111 nan 398
1757094088249 nan 399
1757094088383 nan 400
1757094088512 nan 401
1757094088695 nan 402
1757094088839 nan 403
1757094088975 nan 404
1757094089120 nan 405
1757094089262 nan 406
1757094089403 nan 407
1757094089563 nan 408
1757094089727 nan 409
1757094089872 nan 410
1757094090002 nan 411
1757094090132 nan 412
1757094090274 nan 413
1757094090416 nan 414
1757094090572 nan 415
1757094090729 nan 416
1757094090863 nan 417
1757094090995 nan 418
1757094091127 nan 419
1757094091258 nan 420
1757094091391 nan 421
1757094091531 nan 422
1757094091772 nan 423
1757094091902 nan 424
1757094092030 nan 425
1757094092162 nan 426
1757094092290 nan 427
1757094092419 nan 428
1757094092543 nan 429
1757094092708 nan 430
1757094092834 nan 431
1757094092964 nan 432
1757094093107 nan 433
1757094093241 nan 434
1757094093386 nan 435
1757094093519 nan 436
1757094093649 nan 437
1757094093781 nan 438
1757094093916 nan 439
1757094094053 nan 440
1757094094182 nan 441
1757094094317 nan 442
1757094094460 nan 443
1757094094599 nan 444
1757094094734 nan 445
1757094094861 nan 446
1757094095001 nan 447
1757094095142 nan 448
1757094095268 nan 449
1757094095424 nan 450
1757094095577 nan 451
1757094095710 nan 452
1757094095857 nan 453
1757094095992 nan 454
1757094096145 nan 455
1757094096308 nan 456
1757094096446 nan 457
1757094096576 nan 458
1757094096713 nan 459
1757094096838 nan 460
1757094096995 nan 461
1757094097132 nan 462
1757094097262 nan 463
1757094097395 nan 464
1757094097531 nan 465
1757094097666 nan 466
1757094097797 nan 467
1757094097959 nan 468
1757094098097 nan 469
1757094098232 nan 470
1757094098380 nan 471
1757094098518 nan 472
1757094098655 nan 473
1757094098793 nan 474
1757094098933 nan 475
1757094099070 nan 476
1757094099207 nan 477
1757094099340 nan 478
1757094099472 nan 479
1757094099616 nan 480
1757094099780 nan 481
1757094099910 nan 482
1757094100112 nan 483
1757094100250 nan 484
1757094100379 nan 485
1757094100514 nan 486
1757094100649 nan 487
1757094100776 nan 488
1757094100918 nan 489
1757094101093 nan 490
1757094101241 nan 491
1757094101389 nan 492
1757094101568 nan 493
1757094101729 nan 494
1757094101859 nan 495
1757094101990 nan 496
1757094102126 nan 497
1757094102265 nan 498
1757094102394 nan 499
