1757091697319 26479.35922330097 0
1757091697442 21497.208012453582 1
1757091697556 17788.43351548178 2
1757091697682 14903.0889947958 3
1757091697798 12609.18822273399 4
1757091697918 10765.879727661895 5
1757091698034 9276.4910213037 6
1757091698152 8069.290986155483 7
1757091698264 7088.855359161455 8
1757091698384 6291.149952882876 9
1757091698504 5641.092238243315 10
1757091698617 5110.5165557210275 11
1757091698734 4676.749045896499 12
1757091698843 4321.553674343323 13
1757091698952 4030.118046731043 14
1757091699065 3790.522298933191 15
1757091699178 3593.1294623652057 16
1757091699286 3430.1415843069676 17
1757091699393 3295.2432224504923 18
1757091699556 3183.3148107542547 19
1757091699664 3090.202041742406 20
1757091699778 3012.530218258456 21
1757091699955 2947.5547349714047 22
1757091700066 2893.040603175748 23
1757091700188 2847.16533214863 24
1757091700302 2808.4406007095295 25
1757091700416 2775.6490506670366 26
1757091700528 2747.7932542446747 27
1757091700643 2724.054485794022 28
1757091700759 2703.7593923712247 29
1757091700878 2686.353030641223 30
1757091700998 2671.377037146972 31
1757091701111 2658.45193971082 32
1757091701227 2647.2628112240836 33
1757091701359 2637.5476226340857 34
1757091701473 2629.0877770212874 35
1757091701594 2621.700407264279 36
1757091701710 2615.2321007270907 37
1757091701828 2609.5537795331757 38
1757091701937 2604.5565174146327 39
1757091702057 2600.1481163347134 40
1757091702172 2596.25030007703 41
1757091702286 2592.7964093840606 42
1757091702402 2589.7295053021394 43
1757091702521 2587.000805188415 44
1757091702635 2584.568390191927 45
1757091702755 2582.396134606768 46
1757091702876 2580.452816849971 47
1757091702991 2578.7113793740523 48
1757091703112 2577.1483109331707 49
1757091703229 2575.7431295634638 50
1757091703347 2574.477948638247 51
1757091703465 2573.337111599399 52
1757091703582 2572.3068835938225 53
1757091703701 2571.3751903763878 54
1757091703820 2570.5313965732753 55
1757091703939 2569.766116808658 56
1757091704054 2569.071054345132 57
1757091704159 2568.4388628237925 58
1757091704264 2567.8630274537727 59
1757091704368 2567.3377626256993 60
1757091704477 2566.857923435157 61
1757091704588 2566.4189290220856 62
1757091704696 2566.0166959770745 63
1757091704802 2565.6475803497997 64
1757091704907 2565.308327029438 65
1757091705012 2564.9960254609346 66
1757091705124 2564.708070821972 67
1757091705230 2564.442129919165 68
1757091705343 2564.1961111735204 69
1757091705459 2563.9681381582673 70
1757091705585 2563.7565262302032 71
