1757097083595 nan 0
1757097083894 nan 1
1757097084134 nan 2
1757097084393 nan 3
1757097084704 nan 4
1757097084947 nan 5
1757097085168 nan 6
1757097085433 nan 7
1757097085806 nan 8
1757097086212 nan 9
1757097086487 nan 10
1757097086789 nan 11
1757097087055 nan 12
1757097087293 nan 13
1757097087558 nan 14
1757097087939 nan 15
1757097088157 nan 16
1757097088425 nan 17
1757097088721 nan 18
1757097088970 nan 19
1757097089178 nan 20
1757097089400 nan 21
1757097089625 nan 22
1757097090070 nan 23
1757097090270 nan 24
1757097090511 nan 25
1757097090806 nan 26
1757097091081 nan 27
1757097091288 nan 28
1757097091507 nan 29
1757097091738 nan 30
1757097092024 nan 31
1757097092350 nan 32
1757097093043 nan 33
1757097093362 nan 34
1757097093658 nan 35
1757097093976 nan 36
1757097094259 nan 37
1757097094762 nan 38
1757097095079 nan 39
1757097095287 nan 40
1757097095549 nan 41
1757097095851 nan 42
1757097096124 nan 43
1757097096452 nan 44
1757097096803 nan 45
1757097097207 nan 46
1757097097543 nan 47
1757097097849 nan 48
1757097098105 nan 49
1757097098442 nan 50
1757097098741 nan 51
1757097098969 nan 52
1757097099242 nan 53
1757097099439 nan 54
1757097099798 nan 55
1757097100199 nan 56
1757097100491 nan 57
1757097100775 nan 58
1757097100985 nan 59
1757097101200 nan 60
1757097101449 nan 61
1757097101625 nan 62
1757097101855 nan 63
1757097102042 nan 64
1757097102215 nan 65
1757097102409 nan 66
1757097102627 nan 67
1757097102818 nan 68
1757097103016 nan 69
1757097103168 nan 70
1757097103332 nan 71
1757097103509 nan 72
1757097103681 nan 73
1757097103886 nan 74
1757097104270 nan 75
1757097104645 nan 76
1757097104813 nan 77
1757097105028 nan 78
1757097105199 nan 79
1757097105366 nan 80
1757097105540 nan 81
1757097105706 nan 82
1757097105877 nan 83
1757097106031 nan 84
1757097106246 nan 85
1757097106436 nan 86
1757097106660 nan 87
1757097106862 nan 88
1757097107043 nan 89
1757097107209 nan 90
1757097107386 nan 91
1757097107572 nan 92
1757097107762 nan 93
1757097107925 nan 94
1757097108120 nan 95
1757097108317 nan 96
1757097108573 nan 97
1757097108756 nan 98
1757097108977 nan 99
1757097109130 nan 100
1757097109312 nan 101
1757097109540 nan 102
1757097109740 nan 103
1757097110025 nan 104
1757097110358 nan 105
1757097110700 nan 106
1757097110941 nan 107
1757097111367 nan 108
1757097111542 nan 109
1757097111742 nan 110
1757097111906 nan 111
1757097112077 nan 112
1757097112264 nan 113
1757097112477 nan 114
1757097112713 nan 115
1757097113550 nan 116
1757097113895 nan 117
1757097114078 nan 118
1757097114260 nan 119
1757097114455 nan 120
1757097115021 nan 121
1757097115210 nan 122
1757097115361 nan 123
1757097115555 nan 124
1757097115841 nan 125
1757097116028 nan 126
1757097116209 nan 127
1757097116408 nan 128
1757097117119 nan 129
1757097117326 nan 130
1757097117548 nan 131
1757097117723 nan 132
1757097117921 nan 133
1757097118115 nan 134
1757097118315 nan 135
1757097118480 nan 136
1757097118669 nan 137
1757097119162 nan 138
1757097119470 nan 139
1757097119755 nan 140
1757097119940 nan 141
1757097120351 nan 142
1757097120498 nan 143
1757097120695 nan 144
1757097120911 nan 145
1757097146096 nan 146
1757097146319 nan 147
1757097146821 nan 148
1757097147017 nan 149
1757097147248 nan 150
1757097147502 nan 151
1757097147740 nan 152
1757097147948 nan 153
1757097148171 nan 154
1757097148361 nan 155
1757097148574 nan 156
1757097148856 nan 157
1757097149040 nan 158
1757097149266 nan 159
1757097149501 nan 160
1757097149826 nan 161
1757097150018 nan 162
1757097150214 nan 163
1757097150483 nan 164
1757097150763 nan 165
1757097150998 nan 166
1757097151216 nan 167
1757097151455 nan 168
1757097151756 nan 169
1757097151967 nan 170
1757097152193 nan 171
1757097152387 nan 172
1757097152607 nan 173
1757097152857 nan 174
1757097153083 nan 175
1757097153302 nan 176
1757097153526 nan 177
1757097153740 nan 178
1757097153949 nan 179
1757097154168 nan 180
1757097154376 nan 181
1757097154693 nan 182
1757097155403 nan 183
1757097155835 nan 184
1757097156286 nan 185
1757097156838 nan 186
1757097157084 nan 187
1757097157315 nan 188
1757097157540 nan 189
1757097157757 nan 190
1757097157998 nan 191
1757097158266 nan 192
1757097158479 nan 193
1757097158693 nan 194
1757097158975 nan 195
1757097159299 nan 196
1757097159465 nan 197
1757097159739 nan 198
1757097160189 nan 199
1757097160364 nan 200
1757097160617 nan 201
1757097160817 nan 202
1757097161002 nan 203
1757097161180 nan 204
1757097161387 nan 205
1757097161695 nan 206
1757097161898 nan 207
1757097162151 nan 208
1757097162356 nan 209
1757097162579 nan 210
1757097162797 nan 211
1757097163007 nan 212
1757097163201 nan 213
1757097163388 nan 214
1757097163576 nan 215
1757097163797 nan 216
1757097163989 nan 217
1757097164203 nan 218
1757097164434 nan 219
1757097164733 nan 220
1757097164943 nan 221
1757097165171 nan 222
1757097165403 nan 223
1757097165668 nan 224
1757097165871 nan 225
1757097166084 nan 226
1757097166398 nan 227
1757097166616 nan 228
1757097166801 nan 229
1757097167001 nan 230
1757097167232 nan 231
1757097167435 nan 232
1757097167684 nan 233
1757097167911 nan 234
1757097168123 nan 235
1757097168362 nan 236
1757097168618 nan 237
1757097168792 nan 238
1757097169010 nan 239
1757097169212 nan 240
1757097169403 nan 241
1757097169640 nan 242
1757097169844 nan 243
1757097170074 nan 244
1757097170288 nan 245
1757097170464 nan 246
1757097170650 nan 247
1757097170847 nan 248
1757097171049 nan 249
1757097171250 nan 250
1757097171437 nan 251
1757097171614 nan 252
1757097171807 nan 253
1757097172038 nan 254
1757097172225 nan 255
1757097172415 nan 256
1757097172594 nan 257
1757097172766 nan 258
1757097172987 nan 259
1757097173189 nan 260
1757097173429 nan 261
1757097173845 nan 262
1757097174064 nan 263
1757097174297 nan 264
1757097174507 nan 265
1757097174802 nan 266
1757097175025 nan 267
1757097175232 nan 268
1757097175486 nan 269
1757097175694 nan 270
1757097175977 nan 271
1757097176269 nan 272
1757097176484 nan 273
1757097176670 nan 274
1757097176834 nan 275
1757097177117 nan 276
1757097177469 nan 277
1757097177767 nan 278
1757097177969 nan 279
1757097178182 nan 280
1757097178451 nan 281
1757097178657 nan 282
1757097178847 nan 283
1757097179039 nan 284
1757097179232 nan 285
1757097179448 nan 286
1757097179646 nan 287
1757097179859 nan 288
1757097180038 nan 289
1757097180323 nan 290
1757097180491 nan 291
1757097180687 nan 292
1757097180858 nan 293
1757097181053 nan 294
1757097181255 nan 295
1757097181455 nan 296
1757097181652 nan 297
1757097181859 nan 298
1757097182072 nan 299
1757097182368 nan 300
1757097182641 nan 301
1757097182799 nan 302
1757097182971 nan 303
1757097183188 nan 304
1757097183346 nan 305
1757097183552 nan 306
1757097183721 nan 307
1757097184022 nan 308
1757097184269 nan 309
1757097184459 nan 310
1757097184778 nan 311
1757097184973 nan 312
1757097185171 nan 313
1757097185331 nan 314
1757097185508 nan 315
1757097185714 nan 316
1757097185885 nan 317
1757097186033 nan 318
1757097186202 nan 319
1757097186375 nan 320
1757097186555 nan 321
1757097186746 nan 322
1757097186994 nan 323
1757097187178 nan 324
1757097187375 nan 325
1757097187618 nan 326
1757097187815 nan 327
1757097188029 nan 328
1757097188197 nan 329
1757097188367 nan 330
1757097188575 nan 331
1757097188751 nan 332
1757097188983 nan 333
1757097189144 nan 334
1757097189497 nan 335
1757097189700 nan 336
1757097189875 nan 337
1757097190082 nan 338
1757097190255 nan 339
1757097190465 nan 340
1757097190626 nan 341
1757097190865 nan 342
1757097191093 nan 343
1757097191288 nan 344
1757097191459 nan 345
1757097191638 nan 346
1757097191792 nan 347
1757097191949 nan 348
1757097192099 nan 349
1757097192389 nan 350
1757097192587 nan 351
1757097192772 nan 352
1757097193029 nan 353
1757097193199 nan 354
1757097193385 nan 355
1757097193539 nan 356
1757097193697 nan 357
1757097193875 nan 358
1757097194069 nan 359
1757097194251 nan 360
1757097194416 nan 361
1757097194622 nan 362
1757097194786 nan 363
1757097194984 nan 364
1757097195170 nan 365
1757097195337 nan 366
1757097195509 nan 367
1757097195685 nan 368
1757097195955 nan 369
1757097196644 nan 370
1757097196885 nan 371
1757097197107 nan 372
1757097197344 nan 373
1757097197572 nan 374
1757097197833 nan 375
1757097198069 nan 376
1757097198307 nan 377
1757097198497 nan 378
1757097198691 nan 379
1757097198872 nan 380
1757097199040 nan 381
1757097199221 nan 382
1757097199393 nan 383
1757097199590 nan 384
1757097199775 nan 385
1757097200085 nan 386
1757097200253 nan 387
1757097200429 nan 388
1757097200597 nan 389
1757097200768 nan 390
1757097200951 nan 391
1757097201112 nan 392
1757097201288 nan 393
1757097201510 nan 394
1757097201748 nan 395
1757097201995 nan 396
1757097202269 nan 397
1757097202521 nan 398
1757097202733 nan 399
1757097202938 nan 400
1757097203118 nan 401
1757097203299 nan 402
1757097203472 nan 403
1757097203682 nan 404
1757097204104 nan 405
1757097204324 nan 406
1757097204949 nan 407
1757097205159 nan 408
1757097205410 nan 409
1757097205612 nan 410
1757097205820 nan 411
1757097206014 nan 412
1757097206273 nan 413
1757097206457 nan 414
1757097206648 nan 415
1757097206827 nan 416
1757097207007 nan 417
1757097207255 nan 418
1757097207598 nan 419
1757097207823 nan 420
1757097208048 nan 421
1757097208288 nan 422
1757097208545 nan 423
1757097208771 nan 424
1757097208987 nan 425
1757097209176 nan 426
1757097209519 nan 427
1757097209733 nan 428
1757097209980 nan 429
1757097210228 nan 430
1757097210759 nan 431
1757097211019 nan 432
1757097211284 nan 433
1757097211473 nan 434
1757097211795 nan 435
1757097212165 nan 436
1757097212495 nan 437
1757097212818 nan 438
1757097213082 nan 439
1757097213328 nan 440
1757097213564 nan 441
1757097213811 nan 442
1757097214098 nan 443
1757097214367 nan 444
1757097214723 nan 445
1757097215036 nan 446
1757097215245 nan 447
1757097215663 nan 448
1757097215996 nan 449
1757097216352 nan 450
1757097216666 nan 451
1757097217153 nan 452
1757097217402 nan 453
1757097217644 nan 454
1757097217825 nan 455
1757097218021 nan 456
1757097218318 nan 457
1757097218572 nan 458
1757097218788 nan 459
1757097218988 nan 460
1757097219204 nan 461
1757097219527 nan 462
1757097219859 nan 463
1757097220090 nan 464
1757097220285 nan 465
1757097220670 nan 466
1757097221098 nan 467
1757097221372 nan 468
1757097221632 nan 469
1757097221845 nan 470
1757097222040 nan 471
1757097222255 nan 472
1757097222452 nan 473
1757097222692 nan 474
1757097222898 nan 475
1757097223126 nan 476
1757097223334 nan 477
1757097223621 nan 478
1757097223832 nan 479
1757097224023 nan 480
1757097224247 nan 481
1757097224482 nan 482
1757097224831 nan 483
1757097224995 nan 484
1757097225354 nan 485
1757097225549 nan 486
1757097225769 nan 487
1757097225931 nan 488
1757097226129 nan 489
1757097226345 nan 490
1757097226566 nan 491
1757097226870 nan 492
1757097227116 nan 493
1757097227454 nan 494
1757097227683 nan 495
1757097228155 nan 496
1757097228546 nan 497
1757097229142 nan 498
1757097229471 nan 499
