1757094414432 nan 0
1757094414565 nan 1
1757094414691 nan 2
1757094414864 nan 3
1757094415015 nan 4
1757094415142 nan 5
1757094415269 nan 6
1757094415396 nan 7
1757094415523 nan 8
1757094415651 nan 9
1757094415779 nan 10
1757094415908 nan 11
1757094416041 nan 12
1757094416161 nan 13
1757094416290 nan 14
1757094416415 nan 15
1757094416550 nan 16
1757094416676 nan 17
1757094416800 nan 18
1757094416932 nan 19
1757094417068 nan 20
1757094417204 nan 21
1757094417343 nan 22
1757094417479 nan 23
1757094417603 nan 24
1757094417738 nan 25
1757094417917 nan 26
1757094418089 nan 27
1757094418238 nan 28
1757094418373 nan 29
1757094418501 nan 30
1757094418634 nan 31
1757094418768 nan 32
1757094418912 nan 33
1757094419055 nan 34
1757094419197 nan 35
1757094419338 nan 36
1757094419463 nan 37
1757094419590 nan 38
1757094419717 nan 39
1757094419838 nan 40
1757094419966 nan 41
1757094420095 nan 42
1757094420224 nan 43
1757094420351 nan 44
1757094420478 nan 45
1757094420604 nan 46
1757094420730 nan 47
1757094420854 nan 48
1757094420983 nan 49
1757094421110 nan 50
1757094421247 nan 51
1757094421378 nan 52
1757094421508 nan 53
1757094421639 nan 54
1757094421776 nan 55
1757094421908 nan 56
1757094422039 nan 57
1757094422168 nan 58
1757094422307 nan 59
1757094422437 nan 60
1757094422562 nan 61
1757094422697 nan 62
1757094422836 nan 63
1757094422980 nan 64
1757094423126 nan 65
1757094423267 nan 66
1757094423409 nan 67
1757094423585 nan 68
1757094423717 nan 69
1757094423876 nan 70
1757094424012 nan 71
1757094424139 nan 72
1757094424269 nan 73
1757094424473 nan 74
1757094424703 nan 75
1757094424853 nan 76
1757094424982 nan 77
1757094425115 nan 78
1757094425350 nan 79
1757094425526 nan 80
1757094425714 nan 81
1757094425880 nan 82
1757094426025 nan 83
1757094426162 nan 84
1757094426304 nan 85
1757094426452 nan 86
1757094426710 nan 87
1757094426865 nan 88
1757094427002 nan 89
1757094427132 nan 90
1757094427276 nan 91
1757094427418 nan 92
1757094427568 nan 93
1757094427712 nan 94
1757094427842 nan 95
1757094427991 nan 96
1757094428136 nan 97
1757094428276 nan 98
1757094428410 nan 99
1757094428543 nan 100
1757094428673 nan 101
1757094428805 nan 102
1757094428943 nan 103
1757094429102 nan 104
1757094429249 nan 105
1757094429391 nan 106
1757094429531 nan 107
1757094429685 nan 108
1757094429862 nan 109
1757094429997 nan 110
1757094430141 nan 111
1757094430302 nan 112
1757094430433 nan 113
1757094430569 nan 114
1757094430716 nan 115
1757094430937 nan 116
1757094431103 nan 117
1757094431257 nan 118
1757094431402 nan 119
1757094431542 nan 120
1757094431678 nan 121
1757094431810 nan 122
1757094431957 nan 123
1757094432094 nan 124
1757094432243 nan 125
1757094432389 nan 126
1757094432525 nan 127
1757094432651 nan 128
1757094432785 nan 129
1757094432916 nan 130
1757094433052 nan 131
1757094433186 nan 132
1757094433320 nan 133
1757094433451 nan 134
1757094433674 nan 135
1757094433814 nan 136
1757094433952 nan 137
1757094434086 nan 138
1757094434221 nan 139
1757094434352 nan 140
1757094434486 nan 141
1757094434619 nan 142
1757094434756 nan 143
1757094434881 nan 144
1757094435004 nan 145
1757094435132 nan 146
1757094435266 nan 147
1757094435396 nan 148
1757094435523 nan 149
1757094435656 nan 150
1757094435792 nan 151
1757094435926 nan 152
1757094436077 nan 153
1757094436212 nan 154
1757094436349 nan 155
1757094436484 nan 156
1757094436617 nan 157
1757094436750 nan 158
1757094436884 nan 159
1757094437019 nan 160
1757094437150 nan 161
1757094437283 nan 162
1757094437420 nan 163
1757094437552 nan 164
1757094437689 nan 165
1757094437819 nan 166
1757094437953 nan 167
1757094438100 nan 168
1757094438240 nan 169
1757094438396 nan 170
1757094438526 nan 171
1757094438658 nan 172
1757094438789 nan 173
1757094438949 nan 174
1757094439081 nan 175
1757094439213 nan 176
1757094439349 nan 177
1757094439483 nan 178
1757094439612 nan 179
1757094439738 nan 180
1757094439872 nan 181
1757094440003 nan 182
1757094440148 nan 183
1757094440341 nan 184
1757094440477 nan 185
1757094440608 nan 186
1757094440740 nan 187
1757094440874 nan 188
1757094441017 nan 189
1757094441150 nan 190
1757094441287 nan 191
1757094441542 nan 192
1757094441707 nan 193
1757094441858 nan 194
1757094441990 nan 195
1757094442122 nan 196
1757094442293 nan 197
1757094442435 nan 198
1757094442598 nan 199
1757094442749 nan 200
1757094442901 nan 201
1757094443044 nan 202
1757094443194 nan 203
1757094443340 nan 204
1757094443479 nan 205
1757094443637 nan 206
1757094443777 nan 207
1757094443963 nan 208
1757094444102 nan 209
1757094444248 nan 210
1757094444398 nan 211
1757094444546 nan 212
1757094444709 nan 213
1757094444886 nan 214
1757094445040 nan 215
1757094445200 nan 216
1757094445396 nan 217
1757094445560 nan 218
1757094445718 nan 219
1757094445857 nan 220
1757094445994 nan 221
1757094446126 nan 222
1757094446264 nan 223
1757094446400 nan 224
1757094446533 nan 225
1757094446670 nan 226
1757094446816 nan 227
1757094446951 nan 228
1757094447099 nan 229
1757094447236 nan 230
1757094447432 nan 231
1757094447599 nan 232
1757094447735 nan 233
1757094447877 nan 234
1757094448028 nan 235
1757094448165 nan 236
1757094448322 nan 237
1757094448450 nan 238
1757094448577 nan 239
1757094448703 nan 240
1757094448834 nan 241
1757094448964 nan 242
1757094449091 nan 243
1757094449218 nan 244
1757094449349 nan 245
1757094449478 nan 246
1757094449684 nan 247
1757094449816 nan 248
1757094449945 nan 249
1757094450077 nan 250
1757094450209 nan 251
1757094450339 nan 252
1757094450467 nan 253
1757094450598 nan 254
1757094450723 nan 255
1757094450848 nan 256
1757094450980 nan 257
1757094451113 nan 258
1757094451244 nan 259
1757094451373 nan 260
1757094451508 nan 261
1757094451641 nan 262
1757094451766 nan 263
1757094451898 nan 264
1757094452029 nan 265
1757094452158 nan 266
1757094452284 nan 267
1757094452412 nan 268
1757094452547 nan 269
1757094452680 nan 270
1757094452814 nan 271
1757094452946 nan 272
1757094453079 nan 273
1757094453211 nan 274
1757094453345 nan 275
1757094453479 nan 276
1757094453611 nan 277
1757094453738 nan 278
1757094453868 nan 279
1757094453998 nan 280
1757094454130 nan 281
1757094454258 nan 282
1757094454384 nan 283
1757094454515 nan 284
1757094454646 nan 285
1757094454774 nan 286
1757094454899 nan 287
1757094455027 nan 288
1757094455155 nan 289
1757094455280 nan 290
1757094455413 nan 291
1757094455538 nan 292
1757094455674 nan 293
1757094455805 nan 294
1757094455933 nan 295
1757094456061 nan 296
1757094456193 nan 297
1757094456326 nan 298
1757094456458 nan 299
1757094456588 nan 300
1757094456722 nan 301
1757094456854 nan 302
1757094456985 nan 303
1757094457118 nan 304
1757094457346 nan 305
1757094457477 nan 306
1757094457609 nan 307
1757094457735 nan 308
1757094457868 nan 309
1757094457996 nan 310
1757094458125 nan 311
1757094458257 nan 312
1757094458394 nan 313
1757094458528 nan 314
1757094458660 nan 315
1757094458785 nan 316
1757094458912 nan 317
1757094459046 nan 318
1757094459171 nan 319
1757094459303 nan 320
1757094459435 nan 321
1757094459577 nan 322
1757094459714 nan 323
1757094459842 nan 324
1757094459975 nan 325
1757094460103 nan 326
1757094460232 nan 327
1757094460359 nan 328
1757094460491 nan 329
1757094460622 nan 330
1757094460750 nan 331
1757094460877 nan 332
1757094461011 nan 333
1757094461140 nan 334
1757094461265 nan 335
1757094461387 nan 336
1757094461516 nan 337
1757094461643 nan 338
1757094461770 nan 339
1757094461896 nan 340
1757094462026 nan 341
1757094462146 nan 342
1757094462273 nan 343
1757094462399 nan 344
1757094462525 nan 345
1757094462659 nan 346
1757094462784 nan 347
1757094462911 nan 348
1757094463069 nan 349
1757094463207 nan 350
1757094463330 nan 351
1757094463457 nan 352
1757094463632 nan 353
1757094463757 nan 354
1757094463886 nan 355
1757094464014 nan 356
1757094464142 nan 357
1757094464269 nan 358
1757094464394 nan 359
1757094464527 nan 360
1757094464663 nan 361
1757094464822 nan 362
1757094464963 nan 363
1757094465104 nan 364
1757094465232 nan 365
1757094465357 nan 366
1757094465487 nan 367
1757094465627 nan 368
1757094465750 nan 369
1757094465880 nan 370
1757094466004 nan 371
1757094466145 nan 372
1757094466273 nan 373
1757094466398 nan 374
1757094466526 nan 375
1757094466667 nan 376
1757094466787 nan 377
1757094466916 nan 378
1757094467045 nan 379
1757094467183 nan 380
1757094467298 nan 381
1757094467424 nan 382
1757094467559 nan 383
1757094467702 nan 384
1757094467833 nan 385
1757094467962 nan 386
1757094468087 nan 387
1757094468219 nan 388
1757094468347 nan 389
1757094468473 nan 390
1757094468606 nan 391
1757094468736 nan 392
1757094468863 nan 393
1757094468988 nan 394
1757094469116 nan 395
1757094469254 nan 396
1757094469387 nan 397
1757094469522 nan 398
1757094469650 nan 399
1757094469787 nan 400
1757094469927 nan 401
1757094470053 nan 402
1757094470185 nan 403
1757094470319 nan 404
1757094470443 nan 405
1757094470574 nan 406
1757094470701 nan 407
1757094470830 nan 408
1757094470960 nan 409
1757094471089 nan 410
1757094471218 nan 411
1757094471363 nan 412
1757094471496 nan 413
1757094471630 nan 414
1757094471762 nan 415
1757094471928 nan 416
1757094472082 nan 417
1757094472215 nan 418
1757094472341 nan 419
1757094472475 nan 420
1757094472626 nan 421
1757094472776 nan 422
1757094472918 nan 423
1757094473047 nan 424
1757094473172 nan 425
1757094473308 nan 426
1757094473440 nan 427
1757094473567 nan 428
1757094473693 nan 429
1757094473824 nan 430
1757094473954 nan 431
1757094474083 nan 432
1757094474214 nan 433
1757094474342 nan 434
1757094474476 nan 435
1757094474606 nan 436
1757094474755 nan 437
1757094474886 nan 438
1757094475018 nan 439
1757094475149 nan 440
1757094475283 nan 441
1757094475437 nan 442
1757094475574 nan 443
1757094475707 nan 444
1757094475834 nan 445
1757094475961 nan 446
1757094476091 nan 447
1757094476223 nan 448
1757094476349 nan 449
1757094476476 nan 450
1757094476606 nan 451
1757094476731 nan 452
1757094476859 nan 453
1757094476985 nan 454
1757094477110 nan 455
1757094477238 nan 456
1757094477362 nan 457
1757094477498 nan 458
1757094477628 nan 459
1757094477756 nan 460
1757094477881 nan 461
1757094478008 nan 462
1757094478135 nan 463
1757094478265 nan 464
1757094478392 nan 465
1757094478525 nan 466
1757094478658 nan 467
1757094478785 nan 468
1757094478909 nan 469
1757094479040 nan 470
1757094479171 nan 471
1757094479299 nan 472
1757094479427 nan 473
1757094479550 nan 474
1757094479683 nan 475
1757094479811 nan 476
1757094480060 nan 477
1757094480189 nan 478
1757094480324 nan 479
1757094480450 nan 480
1757094480580 nan 481
1757094480706 nan 482
1757094480832 nan 483
1757094480958 nan 484
1757094481096 nan 485
1757094481221 nan 486
1757094481351 nan 487
1757094481476 nan 488
1757094481610 nan 489
1757094481758 nan 490
1757094481883 nan 491
1757094482011 nan 492
1757094482138 nan 493
1757094482266 nan 494
1757094482387 nan 495
1757094482516 nan 496
1757094482640 nan 497
1757094482776 nan 498
1757094482903 nan 499
