1757096128438 nan 0
1757096128675 nan 1
1757096128847 nan 2
1757096129024 nan 3
1757096129171 nan 4
1757096129309 nan 5
1757096129459 nan 6
1757096129604 nan 7
1757096129741 nan 8
1757096129949 nan 9
1757096130091 nan 10
1757096130242 nan 11
1757096130403 nan 12
1757096130555 nan 13
1757096130689 nan 14
1757096130832 nan 15
1757096130965 nan 16
1757096131111 nan 17
1757096131262 nan 18
1757096131476 nan 19
1757096131662 nan 20
1757096131839 nan 21
1757096131991 nan 22
1757096132165 nan 23
1757096132353 nan 24
1757096132554 nan 25
1757096132720 nan 26
1757096132875 nan 27
1757096133038 nan 28
1757096133210 nan 29
1757096133371 nan 30
1757096133532 nan 31
1757096133705 nan 32
1757096133883 nan 33
1757096134039 nan 34
1757096134204 nan 35
1757096134412 nan 36
1757096134595 nan 37
1757096134763 nan 38
1757096134924 nan 39
1757096135056 nan 40
1757096135215 nan 41
1757096135383 nan 42
1757096135542 nan 43
1757096135798 nan 44
1757096136032 nan 45
1757096136178 nan 46
1757096136341 nan 47
1757096136510 nan 48
1757096136651 nan 49
1757096136781 nan 50
1757096136938 nan 51
1757096137108 nan 52
1757096137257 nan 53
1757096137410 nan 54
1757096137600 nan 55
1757096137747 nan 56
1757096137895 nan 57
1757096138059 nan 58
1757096138212 nan 59
1757096138355 nan 60
1757096138518 nan 61
1757096138658 nan 62
1757096138805 nan 63
1757096139104 nan 64
1757096139246 nan 65
1757096139389 nan 66
1757096139576 nan 67
1757096139714 nan 68
1757096139854 nan 69
1757096139997 nan 70
1757096140166 nan 71
1757096140313 nan 72
1757096140489 nan 73
1757096140655 nan 74
1757096140802 nan 75
1757096140956 nan 76
1757096141126 nan 77
1757096141290 nan 78
1757096141446 nan 79
1757096141609 nan 80
1757096141794 nan 81
1757096141943 nan 82
1757096142095 nan 83
1757096142268 nan 84
1757096142450 nan 85
1757096142642 nan 86
1757096142784 nan 87
1757096142923 nan 88
1757096143074 nan 89
1757096143226 nan 90
1757096143355 nan 91
1757096143532 nan 92
1757096143665 nan 93
1757096143798 nan 94
1757096143940 nan 95
1757096144093 nan 96
1757096144228 nan 97
1757096144353 nan 98
1757096144486 nan 99
1757096144639 nan 100
1757096144776 nan 101
1757096144929 nan 102
1757096145103 nan 103
1757096145611 nan 104
1757096146333 nan 105
1757096146637 nan 106
1757096146952 nan 107
1757096147151 nan 108
1757096147292 nan 109
1757096147429 nan 110
1757096147581 nan 111
1757096147717 nan 112
1757096147850 nan 113
1757096148042 nan 114
1757096148386 nan 115
1757096148581 nan 116
1757096148804 nan 117
1757096149026 nan 118
1757096149424 nan 119
1757096149655 nan 120
1757096149866 nan 121
1757096150153 nan 122
1757096150520 nan 123
1757096150749 nan 124
1757096151047 nan 125
1757096151258 nan 126
1757096151574 nan 127
1757096151777 nan 128
1757096152021 nan 129
1757096152267 nan 130
1757096152486 nan 131
1757096152722 nan 132
1757096152941 nan 133
1757096153143 nan 134
1757096153303 nan 135
1757096153472 nan 136
1757096153629 nan 137
1757096153785 nan 138
1757096153943 nan 139
1757096154215 nan 140
1757096154405 nan 141
1757096154601 nan 142
1757096155354 nan 143
1757096155809 nan 144
1757096156036 nan 145
1757096156259 nan 146
1757096156468 nan 147
1757096156709 nan 148
1757096157011 nan 149
1757096157245 nan 150
1757096157411 nan 151
1757096157603 nan 152
1757096157864 nan 153
1757096158168 nan 154
1757096158300 nan 155
1757096158545 nan 156
1757096158796 nan 157
1757096158985 nan 158
1757096159202 nan 159
1757096159415 nan 160
1757096159637 nan 161
1757096159975 nan 162
1757096160219 nan 163
1757096160400 nan 164
1757096160633 nan 165
1757096160854 nan 166
1757096161078 nan 167
1757096161310 nan 168
1757096161552 nan 169
1757096161792 nan 170
1757096162246 nan 171
1757096162560 nan 172
1757096162747 nan 173
1757096162920 nan 174
1757096163137 nan 175
1757096163402 nan 176
1757096163606 nan 177
1757096163858 nan 178
1757096164044 nan 179
1757096164296 nan 180
1757096164506 nan 181
1757096164871 nan 182
1757096165089 nan 183
1757096165323 nan 184
1757096165538 nan 185
1757096165866 nan 186
1757096166142 nan 187
1757096166520 nan 188
1757096166888 nan 189
1757096167180 nan 190
1757096167371 nan 191
1757096167618 nan 192
1757096167876 nan 193
1757096168067 nan 194
1757096168292 nan 195
1757096168499 nan 196
1757096168706 nan 197
1757096168928 nan 198
1757096169136 nan 199
1757096169336 nan 200
1757096169722 nan 201
1757096169947 nan 202
1757096170199 nan 203
1757096170396 nan 204
1757096170575 nan 205
1757096170814 nan 206
1757096171012 nan 207
1757096171262 nan 208
1757096171493 nan 209
1757096171727 nan 210
1757096171905 nan 211
1757096172109 nan 212
1757096172369 nan 213
1757096172580 nan 214
1757096172826 nan 215
1757096173177 nan 216
1757096173358 nan 217
1757096173539 nan 218
1757096173767 nan 219
1757096174099 nan 220
1757096174624 nan 221
1757096174960 nan 222
1757096175186 nan 223
1757096175454 nan 224
1757096175695 nan 225
1757096175923 nan 226
1757096176217 nan 227
1757096176536 nan 228
1757096176828 nan 229
1757096177042 nan 230
1757096177224 nan 231
1757096177399 nan 232
1757096177588 nan 233
1757096177764 nan 234
1757096177953 nan 235
1757096178123 nan 236
1757096178324 nan 237
1757096178511 nan 238
1757096178715 nan 239
1757096178900 nan 240
1757096179077 nan 241
1757096179263 nan 242
1757096179453 nan 243
1757096179623 nan 244
1757096179870 nan 245
1757096180036 nan 246
1757096181138 nan 247
1757096181361 nan 248
1757096181534 nan 249
1757096181761 nan 250
1757096181971 nan 251
1757096182160 nan 252
1757096182357 nan 253
1757096182556 nan 254
1757096182733 nan 255
1757096182900 nan 256
1757096183102 nan 257
1757096183295 nan 258
1757096183560 nan 259
1757096183767 nan 260
1757096185044 nan 261
1757096185232 nan 262
1757096185419 nan 263
1757096185595 nan 264
1757096185781 nan 265
1757096186018 nan 266
1757096186181 nan 267
1757096186338 nan 268
1757096186490 nan 269
1757096186681 nan 270
1757096186967 nan 271
1757096187131 nan 272
1757096187275 nan 273
1757096187474 nan 274
1757096187631 nan 275
1757096187803 nan 276
1757096187945 nan 277
1757096188095 nan 278
1757096188270 nan 279
1757096188425 nan 280
1757096188603 nan 281
1757096188784 nan 282
1757096188951 nan 283
1757096189131 nan 284
1757096189317 nan 285
1757096189515 nan 286
1757096189705 nan 287
1757096189876 nan 288
1757096190056 nan 289
1757096190245 nan 290
1757096190413 nan 291
1757096190603 nan 292
1757096190762 nan 293
1757096190941 nan 294
1757096191104 nan 295
1757096191274 nan 296
1757096191437 nan 297
1757096191607 nan 298
1757096191751 nan 299
1757096191903 nan 300
1757096192051 nan 301
1757096192197 nan 302
1757096192344 nan 303
1757096192495 nan 304
1757096192639 nan 305
1757096192790 nan 306
1757096192926 nan 307
1757096193076 nan 308
1757096193308 nan 309
1757096193502 nan 310
1757096193666 nan 311
1757096193880 nan 312
1757096194086 nan 313
1757096194281 nan 314
1757096194419 nan 315
1757096194562 nan 316
1757096194742 nan 317
1757096194878 nan 318
1757096195011 nan 319
1757096195150 nan 320
1757096195292 nan 321
1757096195461 nan 322
1757096195651 nan 323
1757096195823 nan 324
1757096196028 nan 325
1757096196172 nan 326
1757096196310 nan 327
1757096196446 nan 328
1757096196593 nan 329
1757096196725 nan 330
1757096196868 nan 331
1757096197053 nan 332
1757096197261 nan 333
1757096197491 nan 334
1757096197658 nan 335
1757096197792 nan 336
1757096197935 nan 337
1757096198104 nan 338
1757096198261 nan 339
1757096198409 nan 340
1757096198584 nan 341
1757096198739 nan 342
1757096198945 nan 343
1757096199384 nan 344
1757096199665 nan 345
1757096199852 nan 346
1757096200019 nan 347
1757096200164 nan 348
1757096200301 nan 349
1757096200439 nan 350
1757096200593 nan 351
1757096200753 nan 352
1757096200894 nan 353
1757096201269 nan 354
1757096201418 nan 355
1757096201558 nan 356
1757096201696 nan 357
1757096201834 nan 358
1757096201981 nan 359
1757096202136 nan 360
1757096202288 nan 361
1757096202423 nan 362
1757096202575 nan 363
1757096202712 nan 364
1757096203078 nan 365
1757096203226 nan 366
1757096203379 nan 367
1757096203539 nan 368
1757096203696 nan 369
1757096203871 nan 370
1757096204043 nan 371
1757096204201 nan 372
1757096204393 nan 373
1757096204608 nan 374
1757096204806 nan 375
1757096205046 nan 376
1757096205245 nan 377
1757096205411 nan 378
1757096205557 nan 379
1757096205775 nan 380
1757096206026 nan 381
1757096206232 nan 382
1757096206411 nan 383
1757096206730 nan 384
1757096206900 nan 385
1757096207067 nan 386
1757096207255 nan 387
1757096207458 nan 388
1757096207648 nan 389
1757096207837 nan 390
1757096208010 nan 391
1757096208182 nan 392
1757096208372 nan 393
1757096208562 nan 394
1757096208730 nan 395
1757096208900 nan 396
1757096209087 nan 397
1757096209316 nan 398
1757096209505 nan 399
1757096209732 nan 400
1757096209917 nan 401
1757096210127 nan 402
1757096210350 nan 403
1757096211678 nan 404
1757096211862 nan 405
1757096212020 nan 406
1757096212197 nan 407
1757096212375 nan 408
1757096212564 nan 409
1757096212725 nan 410
1757096212896 nan 411
1757096213070 nan 412
1757096213204 nan 413
1757096213350 nan 414
1757096213477 nan 415
1757096213608 nan 416
1757096213738 nan 417
1757096213865 nan 418
1757096214003 nan 419
1757096214143 nan 420
1757096214325 nan 421
1757096214484 nan 422
1757096214676 nan 423
1757096214821 nan 424
1757096214953 nan 425
1757096215094 nan 426
1757096215226 nan 427
1757096215369 nan 428
1757096215514 nan 429
1757096215649 nan 430
1757096215790 nan 431
1757096216031 nan 432
1757096216183 nan 433
1757096216320 nan 434
1757096216465 nan 435
1757096216602 nan 436
1757096216755 nan 437
1757096216901 nan 438
1757096217033 nan 439
1757096217181 nan 440
1757096217319 nan 441
1757096217471 nan 442
1757096217624 nan 443
1757096217754 nan 444
1757096217934 nan 445
1757096218083 nan 446
1757096218245 nan 447
1757096218388 nan 448
1757096218533 nan 449
1757096218683 nan 450
1757096218834 nan 451
1757096218993 nan 452
1757096219138 nan 453
1757096219273 nan 454
1757096219427 nan 455
1757096219600 nan 456
1757096219777 nan 457
1757096219974 nan 458
1757096220185 nan 459
1757096220337 nan 460
1757096220486 nan 461
1757096220641 nan 462
1757096220778 nan 463
1757096220923 nan 464
1757096221064 nan 465
1757096221203 nan 466
1757096221353 nan 467
1757096221501 nan 468
1757096221650 nan 469
1757096221799 nan 470
1757096221949 nan 471
1757096222089 nan 472
1757096222229 nan 473
1757096222357 nan 474
1757096222502 nan 475
1757096222639 nan 476
1757096222771 nan 477
1757096222928 nan 478
1757096223088 nan 479
1757096223229 nan 480
1757096223370 nan 481
1757096223512 nan 482
1757096223653 nan 483
1757096223777 nan 484
1757096223958 nan 485
1757096224126 nan 486
1757096224279 nan 487
1757096224423 nan 488
1757096224570 nan 489
1757096224719 nan 490
1757096224857 nan 491
1757096224990 nan 492
1757096225128 nan 493
1757096225264 nan 494
1757096225410 nan 495
1757096225554 nan 496
1757096225690 nan 497
1757096225838 nan 498
1757096226002 nan 499
