1757094486524 nan 0
1757094486657 nan 1
1757094486786 nan 2
1757094486915 nan 3
1757094487051 nan 4
1757094487187 nan 5
1757094487316 nan 6
1757094487442 nan 7
1757094487569 nan 8
1757094487697 nan 9
1757094487830 nan 10
1757094487951 nan 11
1757094488080 nan 12
1757094488205 nan 13
1757094488329 nan 14
1757094488454 nan 15
1757094488580 nan 16
1757094488711 nan 17
1757094488838 nan 18
1757094489032 nan 19
1757094489161 nan 20
1757094489289 nan 21
1757094489411 nan 22
1757094489539 nan 23
1757094489689 nan 24
1757094489860 nan 25
1757094490020 nan 26
1757094490146 nan 27
1757094490270 nan 28
1757094490398 nan 29
1757094490519 nan 30
1757094490644 nan 31
1757094490789 nan 32
1757094490947 nan 33
1757094491093 nan 34
1757094491222 nan 35
1757094491343 nan 36
1757094491469 nan 37
1757094491601 nan 38
1757094491730 nan 39
1757094491862 nan 40
1757094491998 nan 41
1757094492126 nan 42
1757094492252 nan 43
1757094492390 nan 44
1757094492519 nan 45
1757094492647 nan 46
1757094492771 nan 47
1757094492893 nan 48
1757094493022 nan 49
1757094493152 nan 50
1757094493275 nan 51
1757094493408 nan 52
1757094493533 nan 53
1757094493654 nan 54
1757094493780 nan 55
1757094493915 nan 56
1757094494055 nan 57
1757094494187 nan 58
1757094494315 nan 59
1757094494447 nan 60
1757094494582 nan 61
1757094494707 nan 62
1757094494832 nan 63
1757094494960 nan 64
1757094495083 nan 65
1757094495210 nan 66
1757094495336 nan 67
1757094495462 nan 68
1757094495591 nan 69
1757094495735 nan 70
1757094495871 nan 71
1757094495998 nan 72
1757094496132 nan 73
1757094496266 nan 74
1757094496392 nan 75
1757094496520 nan 76
1757094496651 nan 77
1757094496780 nan 78
1757094496919 nan 79
1757094497058 nan 80
1757094497209 nan 81
1757094497362 nan 82
1757094497490 nan 83
1757094497616 nan 84
1757094497741 nan 85
1757094497867 nan 86
1757094497994 nan 87
1757094498117 nan 88
1757094498252 nan 89
1757094498379 nan 90
1757094498508 nan 91
1757094498640 nan 92
1757094498766 nan 93
1757094498894 nan 94
1757094499021 nan 95
1757094499148 nan 96
1757094499282 nan 97
1757094499410 nan 98
1757094499539 nan 99
1757094499661 nan 100
1757094499788 nan 101
1757094499914 nan 102
1757094500047 nan 103
1757094500180 nan 104
1757094500307 nan 105
1757094500431 nan 106
1757094500560 nan 107
1757094500688 nan 108
1757094500814 nan 109
1757094500945 nan 110
1757094501075 nan 111
1757094501206 nan 112
1757094501330 nan 113
1757094501459 nan 114
1757094501589 nan 115
1757094501723 nan 116
1757094501849 nan 117
1757094501980 nan 118
1757094502109 nan 119
1757094502236 nan 120
1757094502364 nan 121
1757094502489 nan 122
1757094502616 nan 123
1757094502744 nan 124
1757094502865 nan 125
1757094502989 nan 126
1757094503122 nan 127
1757094503249 nan 128
1757094503380 nan 129
1757094503507 nan 130
1757094503633 nan 131
1757094503755 nan 132
1757094503881 nan 133
1757094504011 nan 134
1757094504138 nan 135
1757094504272 nan 136
1757094504413 nan 137
1757094504546 nan 138
1757094504669 nan 139
1757094504794 nan 140
1757094504922 nan 141
1757094505117 nan 142
1757094505250 nan 143
1757094505378 nan 144
1757094505505 nan 145
1757094505630 nan 146
1757094505761 nan 147
1757094505890 nan 148
1757094506016 nan 149
1757094506144 nan 150
1757094506274 nan 151
1757094506406 nan 152
1757094506605 nan 153
1757094506740 nan 154
1757094506864 nan 155
1757094506992 nan 156
1757094507120 nan 157
1757094507246 nan 158
1757094507368 nan 159
1757094507499 nan 160
1757094507627 nan 161
1757094507755 nan 162
1757094507881 nan 163
1757094508014 nan 164
1757094508145 nan 165
1757094508275 nan 166
1757094508403 nan 167
1757094508536 nan 168
1757094508668 nan 169
1757094508797 nan 170
1757094508923 nan 171
1757094509045 nan 172
1757094509177 nan 173
1757094509307 nan 174
1757094509436 nan 175
1757094509567 nan 176
1757094509695 nan 177
1757094509822 nan 178
1757094509950 nan 179
1757094510081 nan 180
1757094510206 nan 181
1757094510336 nan 182
1757094510460 nan 183
1757094510590 nan 184
1757094510721 nan 185
1757094510854 nan 186
1757094510996 nan 187
1757094511130 nan 188
1757094511270 nan 189
1757094511410 nan 190
1757094511559 nan 191
1757094511699 nan 192
1757094511824 nan 193
1757094511959 nan 194
1757094512099 nan 195
1757094512238 nan 196
1757094512368 nan 197
1757094512510 nan 198
1757094512810 nan 199
1757094512973 nan 200
1757094513136 nan 201
1757094513277 nan 202
1757094513410 nan 203
1757094513543 nan 204
1757094513693 nan 205
1757094513836 nan 206
1757094513969 nan 207
1757094514103 nan 208
1757094514276 nan 209
1757094514445 nan 210
1757094514658 nan 211
1757094514807 nan 212
1757094514943 nan 213
1757094515103 nan 214
1757094515265 nan 215
1757094515413 nan 216
1757094515547 nan 217
1757094515680 nan 218
1757094515810 nan 219
1757094515938 nan 220
1757094516069 nan 221
1757094516209 nan 222
1757094516426 nan 223
1757094516604 nan 224
1757094516814 nan 225
1757094516962 nan 226
1757094517112 nan 227
1757094517255 nan 228
1757094517390 nan 229
1757094517526 nan 230
1757094517666 nan 231
1757094517843 nan 232
1757094518003 nan 233
1757094518161 nan 234
1757094518302 nan 235
1757094518436 nan 236
1757094518580 nan 237
1757094518725 nan 238
1757094518868 nan 239
1757094519017 nan 240
1757094519161 nan 241
1757094519325 nan 242
1757094519501 nan 243
1757094519657 nan 244
1757094519787 nan 245
1757094519932 nan 246
1757094520064 nan 247
1757094520195 nan 248
1757094520325 nan 249
1757094520463 nan 250
1757094520653 nan 251
1757094520811 nan 252
1757094520952 nan 253
1757094521134 nan 254
1757094521275 nan 255
1757094521421 nan 256
1757094521581 nan 257
1757094521721 nan 258
1757094521853 nan 259
1757094521982 nan 260
1757094522110 nan 261
1757094522238 nan 262
1757094522397 nan 263
1757094522528 nan 264
1757094522749 nan 265
1757094522897 nan 266
1757094523034 nan 267
1757094523240 nan 268
1757094523448 nan 269
1757094523595 nan 270
1757094523749 nan 271
1757094523906 nan 272
1757094524055 nan 273
1757094524218 nan 274
1757094524475 nan 275
1757094524683 nan 276
1757094524862 nan 277
1757094525020 nan 278
1757094525175 nan 279
1757094525345 nan 280
1757094525547 nan 281
1757094525743 nan 282
1757094525965 nan 283
1757094526115 nan 284
1757094526269 nan 285
1757094526405 nan 286
1757094526543 nan 287
1757094526691 nan 288
1757094526848 nan 289
1757094527001 nan 290
1757094527152 nan 291
1757094527302 nan 292
1757094527446 nan 293
1757094527595 nan 294
1757094527735 nan 295
1757094527872 nan 296
1757094528020 nan 297
1757094528162 nan 298
1757094528408 nan 299
1757094528609 nan 300
1757094528732 nan 301
1757094528892 nan 302
1757094529028 nan 303
1757094529169 nan 304
1757094529303 nan 305
1757094529442 nan 306
1757094529580 nan 307
1757094529730 nan 308
1757094529870 nan 309
1757094529992 nan 310
1757094530130 nan 311
1757094530283 nan 312
1757094530466 nan 313
1757094530621 nan 314
1757094530775 nan 315
1757094530909 nan 316
1757094531039 nan 317
1757094531169 nan 318
1757094531310 nan 319
1757094531452 nan 320
1757094531594 nan 321
1757094531748 nan 322
1757094531887 nan 323
1757094532024 nan 324
1757094532163 nan 325
1757094532310 nan 326
1757094532440 nan 327
1757094532580 nan 328
1757094532738 nan 329
1757094532893 nan 330
1757094533035 nan 331
1757094533171 nan 332
1757094533305 nan 333
1757094533440 nan 334
1757094533575 nan 335
1757094533711 nan 336
1757094533861 nan 337
1757094533990 nan 338
1757094534129 nan 339
1757094534265 nan 340
1757094534419 nan 341
1757094534566 nan 342
1757094534720 nan 343
1757094534874 nan 344
1757094535010 nan 345
1757094535155 nan 346
1757094535308 nan 347
1757094535460 nan 348
1757094535606 nan 349
1757094535753 nan 350
1757094535913 nan 351
1757094536058 nan 352
1757094536198 nan 353
1757094536342 nan 354
1757094536514 nan 355
1757094536644 nan 356
1757094536789 nan 357
1757094536926 nan 358
1757094537068 nan 359
1757094537197 nan 360
1757094537326 nan 361
1757094537475 nan 362
1757094537612 nan 363
1757094537753 nan 364
1757094537898 nan 365
1757094538055 nan 366
1757094538196 nan 367
1757094538329 nan 368
1757094538461 nan 369
1757094538593 nan 370
1757094538886 nan 371
1757094539035 nan 372
1757094539189 nan 373
1757094539325 nan 374
1757094539471 nan 375
1757094539611 nan 376
1757094539756 nan 377
1757094539901 nan 378
1757094540070 nan 379
1757094540208 nan 380
1757094540352 nan 381
1757094540500 nan 382
1757094540649 nan 383
1757094540792 nan 384
1757094540928 nan 385
1757094541080 nan 386
1757094541220 nan 387
1757094541365 nan 388
1757094541510 nan 389
1757094541662 nan 390
1757094541797 nan 391
1757094541932 nan 392
1757094542082 nan 393
1757094542227 nan 394
1757094542367 nan 395
1757094542502 nan 396
1757094542640 nan 397
1757094542780 nan 398
1757094542925 nan 399
1757094543063 nan 400
1757094543200 nan 401
1757094543337 nan 402
1757094543471 nan 403
1757094543612 nan 404
1757094543759 nan 405
1757094543903 nan 406
1757094544045 nan 407
1757094544207 nan 408
1757094544353 nan 409
1757094544562 nan 410
1757094544709 nan 411
1757094544848 nan 412
1757094544997 nan 413
1757094545148 nan 414
1757094545285 nan 415
1757094545437 nan 416
1757094545584 nan 417
1757094545715 nan 418
1757094545860 nan 419
1757094546001 nan 420
1757094546141 nan 421
1757094546297 nan 422
1757094546446 nan 423
1757094546592 nan 424
1757094546729 nan 425
1757094546871 nan 426
1757094547009 nan 427
1757094547146 nan 428
1757094547278 nan 429
1757094547425 nan 430
1757094547559 nan 431
1757094547695 nan 432
1757094547855 nan 433
1757094547989 nan 434
1757094548125 nan 435
1757094548266 nan 436
1757094548413 nan 437
1757094548553 nan 438
1757094548702 nan 439
1757094548859 nan 440
1757094548991 nan 441
1757094549139 nan 442
1757094549312 nan 443
1757094549477 nan 444
1757094549641 nan 445
1757094549781 nan 446
1757094549919 nan 447
1757094550051 nan 448
1757094550199 nan 449
1757094550345 nan 450
1757094550493 nan 451
1757094550630 nan 452
1757094550777 nan 453
1757094550966 nan 454
1757094551127 nan 455
1757094551262 nan 456
1757094551395 nan 457
1757094551534 nan 458
1757094551671 nan 459
1757094551808 nan 460
1757094551948 nan 461
1757094552088 nan 462
1757094552231 nan 463
1757094552375 nan 464
1757094552527 nan 465
1757094552664 nan 466
1757094552792 nan 467
1757094553015 nan 468
1757094553147 nan 469
1757094553291 nan 470
1757094553431 nan 471
1757094553566 nan 472
1757094553697 nan 473
1757094553837 nan 474
1757094553978 nan 475
1757094554114 nan 476
1757094554259 nan 477
1757094554391 nan 478
1757094554525 nan 479
1757094554678 nan 480
1757094554818 nan 481
1757094554956 nan 482
1757094555094 nan 483
1757094555235 nan 484
1757094555371 nan 485
1757094555509 nan 486
1757094555660 nan 487
1757094555793 nan 488
1757094555936 nan 489
1757094556066 nan 490
1757094556202 nan 491
1757094556332 nan 492
1757094556462 nan 493
1757094556604 nan 494
1757094556749 nan 495
1757094556895 nan 496
1757094557047 nan 497
1757094557190 nan 498
1757094557331 nan 499
