1757091596824 28352.922330097088 0
1757091596944 22376.798972947305 1
1757091597051 18353.983403551203 2
1757091597169 15388.511998143906 3
1757091597293 13101.827199621566 4
1757091597416 11299.953835199523 5
1757091597536 9863.884646885044 6
1757091597649 8711.182980201076 7
1757091597770 7780.891082877266 8
1757091597881 7026.485667479715 9
1757091597998 6411.911456004642 10
1757091598117 5908.996040132205 11
1757091598230 5495.6114695840715 12
1757091598351 5154.307490788255 13
1757091598470 4871.273407751311 14
1757091598588 4635.541082977731 15
1757091598708 4438.369440627118 16
1757091598830 4272.767318267793 17
1757091598950 4133.122491011498 18
1757091599071 4014.912513514696 19
1757091599196 3914.4787973549264 20
1757091599316 3828.849677734122 21
1757091599435 3755.601512860412 22
1757091599559 3692.749368698456 23
1757091599677 3638.6607631767206 24
1757091599798 3591.9874191440053 25
1757091599911 3551.6111104287925 26
1757091600034 3516.6005602901423 27
1757091600155 3486.1770270643337 28
1757091600278 3459.686734143012 29
1757091600391 3436.5787058840256 30
1757091600494 3416.3868846952705 31
1757091600598 3398.7156480864805 32
1757091600708 3383.228033889362 33
1757091600812 3369.636129363588 34
1757091600920 3357.693194979553 35
1757091601043 3347.187183582816 36
1757091601168 3337.935386024173 37
1757091601276 3329.779989530397 38
1757091601396 3322.584378457677 39
1757091601511 3316.230041218327 40
1757091601630 3310.613974121764 41
1757091601739 3305.6464941918475 42
1757091601857 3301.2493899335736 43
1757091601970 3297.3543524715847 44
1757091602086 3293.901640210529 45
1757091602205 3290.8389387497264 46
1757091602320 3288.1203846729572 47
1757091602445 3285.7057273812015 48
1757091602562 3283.5596076187358 49
1757091602683 3281.650934978264 50
1757091602801 3279.9523496299416 51
1757091602922 3278.439755937036 52
1757091603045 3277.091917604155 53
1757091603163 3275.890105637023 54
1757091603278 3274.8177917426237 55
1757091603397 3273.8603809186984 56
1757091603516 3273.0049779146893 57
1757091603638 3272.240183026433 58
1757091603756 3271.55591334164 59
1757091603876 3270.9432461046936 60
1757091603989 3270.3942813352846 61
1757091604107 3269.90202123061 62
1757091604226 3269.4602642168657 63
1757091604350 3269.063511802582 64
1757091604471 3268.7068866315303 65
1757091604589 3268.3860603433714 66
1757091604709 3268.0971900310756 67
1757091604827 3267.836862240021 68
1757091604946 3267.602043588344 69
1757091605072 3267.390037204575 70
1757091605194 3267.1984442796047 71
1757091605309 3267.02513011771 72
1757091605435 3266.8681941476316 73
1757091605557 3266.725943421121 74
1757091605677 3266.596869184289 75
1757091605795 3266.4796261576116 76
1757091605918 3266.3730142047184 77
1757091606030 3266.2759621086675 78
1757091606146 3266.187513208297 79
1757091606264 3266.1068126769137 80
1757091606383 3266.03309625158 81
1757091606503 3265.965680244093 82
1757091606621 3265.903952684813 83
1757091606736 3265.8473654681006 84
1757091606856 3265.795427383623 85
1757091606974 3265.7476979314183 86
1757091607094 3265.703781830564 87
1757091607226 3265.6633241419113 88
1757091607348 3265.626005934589 89
1757091607468 3265.5915404341954 90
1757091607589 3265.5596695978293 91
1757091607707 3265.5301610674524 92
1757091607827 3265.502805458714 93
1757091607948 3265.4774139473043 94
1757091608060 3265.4538161192927 95
1757091608181 3265.431858055766 96
1757091608298 3265.411400625454 97
1757091608414 3265.392317962116 98
1757091608532 3265.374496106037 99
