1757095894569 nan 0
1757095894720 nan 1
1757095894849 nan 2
1757095894969 nan 3
1757095895085 nan 4
1757095895199 nan 5
1757095895330 nan 6
1757095895444 nan 7
1757095895576 nan 8
1757095895696 nan 9
1757095895820 nan 10
1757095895938 nan 11
1757095896056 nan 12
1757095896177 nan 13
1757095896292 nan 14
1757095896406 nan 15
1757095896520 nan 16
1757095896638 nan 17
1757095896754 nan 18
1757095896887 nan 19
1757095897026 nan 20
1757095897141 nan 21
1757095897326 nan 22
1757095897460 nan 23
1757095897569 nan 24
1757095897680 nan 25
1757095897789 nan 26
1757095897905 nan 27
1757095898020 nan 28
1757095898139 nan 29
1757095898256 nan 30
1757095898375 nan 31
1757095898498 nan 32
1757095898613 nan 33
1757095898728 nan 34
1757095898848 nan 35
1757095898971 nan 36
1757095899087 nan 37
1757095899199 nan 38
1757095899313 nan 39
1757095899432 nan 40
1757095899573 nan 41
1757095899689 nan 42
1757095899802 nan 43
1757095899928 nan 44
1757095900054 nan 45
1757095900175 nan 46
1757095900291 nan 47
1757095900413 nan 48
1757095900533 nan 49
1757095900658 nan 50
1757095900777 nan 51
1757095900901 nan 52
1757095901024 nan 53
1757095901153 nan 54
1757095901321 nan 55
1757095901458 nan 56
1757095901581 nan 57
1757095901703 nan 58
1757095901825 nan 59
1757095901950 nan 60
1757095902075 nan 61
1757095902197 nan 62
1757095902323 nan 63
1757095902451 nan 64
1757095902571 nan 65
1757095902688 nan 66
1757095902802 nan 67
1757095902923 nan 68
1757095903043 nan 69
1757095903159 nan 70
1757095903275 nan 71
1757095903390 nan 72
1757095903511 nan 73
1757095903648 nan 74
1757095903767 nan 75
1757095903887 nan 76
1757095904013 nan 77
1757095904133 nan 78
1757095904254 nan 79
1757095904375 nan 80
1757095904493 nan 81
1757095904615 nan 82
1757095904737 nan 83
1757095904852 nan 84
1757095904967 nan 85
1757095905089 nan 86
1757095905205 nan 87
1757095905325 nan 88
1757095905441 nan 89
1757095905562 nan 90
1757095905681 nan 91
1757095905801 nan 92
1757095905918 nan 93
1757095906038 nan 94
1757095906197 nan 95
1757095906312 nan 96
1757095906426 nan 97
1757095906543 nan 98
1757095906660 nan 99
1757095906782 nan 100
1757095906903 nan 101
1757095907023 nan 102
1757095907141 nan 103
1757095907255 nan 104
1757095907373 nan 105
1757095907490 nan 106
1757095907626 nan 107
1757095907742 nan 108
1757095907865 nan 109
1757095907988 nan 110
1757095908112 nan 111
1757095908232 nan 112
1757095908352 nan 113
1757095908468 nan 114
1757095908593 nan 115
1757095908712 nan 116
1757095908832 nan 117
1757095908948 nan 118
1757095909065 nan 119
1757095909185 nan 120
1757095909305 nan 121
1757095909427 nan 122
1757095909546 nan 123
1757095909682 nan 124
1757095909804 nan 125
1757095909924 nan 126
1757095910041 nan 127
1757095910157 nan 128
1757095910283 nan 129
1757095910401 nan 130
1757095910519 nan 131
1757095910644 nan 132
1757095910763 nan 133
1757095910888 nan 134
1757095911008 nan 135
1757095911128 nan 136
1757095911253 nan 137
1757095911378 nan 138
1757095911495 nan 139
1757095911608 nan 140
1757095911729 nan 141
1757095911846 nan 142
1757095911962 nan 143
1757095912080 nan 144
1757095912195 nan 145
1757095912308 nan 146
1757095912425 nan 147
1757095912539 nan 148
1757095912651 nan 149
1757095912766 nan 150
1757095912885 nan 151
1757095913001 nan 152
1757095913121 nan 153
1757095913242 nan 154
1757095913402 nan 155
1757095913536 nan 156
1757095913649 nan 157
1757095913775 nan 158
1757095913891 nan 159
1757095914005 nan 160
1757095914123 nan 161
1757095914241 nan 162
1757095914361 nan 163
1757095914481 nan 164
1757095914602 nan 165
1757095914723 nan 166
1757095914844 nan 167
1757095914966 nan 168
1757095915090 nan 169
1757095915210 nan 170
1757095915344 nan 171
1757095915465 nan 172
1757095915586 nan 173
1757095915713 nan 174
1757095915850 nan 175
1757095915971 nan 176
1757095916105 nan 177
1757095916243 nan 178
1757095916372 nan 179
1757095916498 nan 180
1757095916622 nan 181
1757095916749 nan 182
1757095916905 nan 183
1757095917086 nan 184
1757095917216 nan 185
1757095917359 nan 186
1757095917503 nan 187
1757095917630 nan 188
1757095917866 nan 189
1757095918075 nan 190
1757095918255 nan 191
1757095918391 nan 192
1757095918527 nan 193
1757095918650 nan 194
1757095918772 nan 195
1757095918904 nan 196
1757095919036 nan 197
1757095919163 nan 198
1757095919286 nan 199
1757095919416 nan 200
1757095919548 nan 201
1757095919685 nan 202
1757095919821 nan 203
1757095919952 nan 204
1757095920086 nan 205
1757095920218 nan 206
1757095920344 nan 207
1757095920507 nan 208
1757095920657 nan 209
1757095920810 nan 210
1757095920941 nan 211
1757095921062 nan 212
1757095921188 nan 213
1757095921312 nan 214
1757095921435 nan 215
1757095921628 nan 216
1757095921767 nan 217
1757095921889 nan 218
1757095922014 nan 219
1757095922137 nan 220
1757095922256 nan 221
1757095922378 nan 222
1757095922504 nan 223
1757095922632 nan 224
1757095922754 nan 225
1757095922879 nan 226
1757095923008 nan 227
1757095923142 nan 228
1757095923290 nan 229
1757095923419 nan 230
1757095923553 nan 231
1757095923716 nan 232
1757095923859 nan 233
1757095923988 nan 234
1757095924133 nan 235
1757095924277 nan 236
1757095924428 nan 237
1757095924556 nan 238
1757095924682 nan 239
1757095924803 nan 240
1757095924924 nan 241
1757095925048 nan 242
1757095925180 nan 243
1757095925312 nan 244
1757095925434 nan 245
1757095925586 nan 246
1757095925714 nan 247
1757095925841 nan 248
1757095925961 nan 249
1757095926081 nan 250
1757095926199 nan 251
1757095926353 nan 252
1757095926476 nan 253
1757095926602 nan 254
1757095926760 nan 255
1757095926896 nan 256
1757095927034 nan 257
1757095927204 nan 258
1757095929057 nan 259
1757095929289 nan 260
1757095929433 nan 261
1757095929562 nan 262
1757095929691 nan 263
1757095929819 nan 264
1757095929952 nan 265
1757095930367 nan 266
1757095930504 nan 267
1757095930641 nan 268
1757095930796 nan 269
1757095930944 nan 270
1757095931102 nan 271
1757095931284 nan 272
1757095931498 nan 273
1757095931666 nan 274
1757095931795 nan 275
1757095931949 nan 276
1757095932078 nan 277
1757095932200 nan 278
1757095932328 nan 279
1757095932468 nan 280
1757095932599 nan 281
1757095932725 nan 282
1757095932853 nan 283
1757095932977 nan 284
1757095933097 nan 285
1757095933219 nan 286
1757095933345 nan 287
1757095933477 nan 288
1757095933602 nan 289
1757095933723 nan 290
1757095933843 nan 291
1757095933962 nan 292
1757095934081 nan 293
1757095934202 nan 294
1757095934330 nan 295
1757095934455 nan 296
1757095934577 nan 297
1757095934695 nan 298
1757095934822 nan 299
1757095934952 nan 300
1757095935073 nan 301
1757095935203 nan 302
1757095935330 nan 303
1757095935452 nan 304
1757095935577 nan 305
1757095935700 nan 306
1757095935822 nan 307
1757095935946 nan 308
1757095936062 nan 309
1757095936185 nan 310
1757095936312 nan 311
1757095936438 nan 312
1757095936565 nan 313
1757095936709 nan 314
1757095936831 nan 315
1757095936961 nan 316
1757095937097 nan 317
1757095937227 nan 318
1757095937354 nan 319
1757095937484 nan 320
1757095937611 nan 321
1757095937736 nan 322
1757095937861 nan 323
1757095937983 nan 324
1757095938105 nan 325
1757095938231 nan 326
1757095938358 nan 327
1757095938479 nan 328
1757095938615 nan 329
1757095938753 nan 330
1757095938931 nan 331
1757095939054 nan 332
1757095939203 nan 333
1757095939345 nan 334
1757095939467 nan 335
1757095939595 nan 336
1757095939717 nan 337
1757095939839 nan 338
1757095939964 nan 339
1757095940089 nan 340
1757095940225 nan 341
1757095940345 nan 342
1757095940466 nan 343
1757095940590 nan 344
1757095940711 nan 345
1757095940842 nan 346
1757095940974 nan 347
1757095941094 nan 348
1757095941245 nan 349
1757095941381 nan 350
1757095941520 nan 351
1757095941651 nan 352
1757095941772 nan 353
1757095941890 nan 354
1757095942006 nan 355
1757095942136 nan 356
1757095942258 nan 357
1757095942403 nan 358
1757095942552 nan 359
1757095942691 nan 360
1757095942823 nan 361
1757095942954 nan 362
1757095943089 nan 363
1757095943212 nan 364
1757095943352 nan 365
1757095943512 nan 366
1757095943706 nan 367
1757095943842 nan 368
1757095943971 nan 369
1757095944101 nan 370
1757095944230 nan 371
1757095944358 nan 372
1757095944491 nan 373
1757095944616 nan 374
1757095944742 nan 375
1757095944907 nan 376
1757095945077 nan 377
1757095945249 nan 378
1757095945384 nan 379
1757095945506 nan 380
1757095945672 nan 381
1757095945880 nan 382
1757095946012 nan 383
1757095946192 nan 384
1757095946347 nan 385
1757095946487 nan 386
1757095946667 nan 387
1757095946811 nan 388
1757095946955 nan 389
1757095947108 nan 390
1757095947257 nan 391
1757095947395 nan 392
1757095947535 nan 393
1757095948528 nan 394
1757095948658 nan 395
1757095948840 nan 396
1757095948976 nan 397
1757095949186 nan 398
1757095949417 nan 399
1757095949570 nan 400
1757095949739 nan 401
1757095949977 nan 402
1757095950138 nan 403
1757095950258 nan 404
1757095950379 nan 405
1757095950503 nan 406
1757095950627 nan 407
1757095950753 nan 408
1757095950873 nan 409
1757095951004 nan 410
1757095951134 nan 411
1757095951263 nan 412
1757095951394 nan 413
1757095951522 nan 414
1757095951648 nan 415
1757095951777 nan 416
1757095951907 nan 417
1757095952046 nan 418
1757095952184 nan 419
1757095952401 nan 420
1757095952537 nan 421
1757095952676 nan 422
1757095952874 nan 423
1757095953129 nan 424
1757095953399 nan 425
1757095953702 nan 426
1757095953916 nan 427
1757095954132 nan 428
1757095954338 nan 429
1757095954500 nan 430
1757095954667 nan 431
1757095954807 nan 432
1757095954967 nan 433
1757095955120 nan 434
1757095955270 nan 435
1757095955473 nan 436
1757095955638 nan 437
1757095955798 nan 438
1757095955944 nan 439
1757095956095 nan 440
1757095956249 nan 441
1757095956391 nan 442
1757095956523 nan 443
1757095956670 nan 444
1757095956812 nan 445
1757095956965 nan 446
1757095957115 nan 447
1757095957260 nan 448
1757095957416 nan 449
1757095957570 nan 450
1757095957776 nan 451
1757095957932 nan 452
1757095958075 nan 453
1757095958294 nan 454
1757095958636 nan 455
1757095958769 nan 456
1757095958903 nan 457
1757095959023 nan 458
1757095959148 nan 459
1757095959295 nan 460
1757095959442 nan 461
1757095959590 nan 462
1757095959733 nan 463
1757095959859 nan 464
1757095960002 nan 465
1757095960156 nan 466
1757095960391 nan 467
1757095960674 nan 468
1757095960833 nan 469
1757095961025 nan 470
1757095961203 nan 471
1757095961345 nan 472
1757095961485 nan 473
1757095961771 nan 474
1757095961946 nan 475
1757095962152 nan 476
1757095962707 nan 477
1757095962821 nan 478
1757095963004 nan 479
1757095963131 nan 480
1757095963259 nan 481
1757095963388 nan 482
1757095963516 nan 483
1757095963686 nan 484
1757095963827 nan 485
1757095963979 nan 486
1757095964107 nan 487
1757095964239 nan 488
1757095964368 nan 489
1757095964533 nan 490
1757095964684 nan 491
1757095964810 nan 492
1757095964939 nan 493
1757095965058 nan 494
1757095965208 nan 495
1757095965331 nan 496
1757095965466 nan 497
1757095965591 nan 498
1757095965740 nan 499
