1757091940929 28182.347794922112 0
1757091941056 22283.95743834822 1
1757091941170 18294.784520936537 2
1757091941291 15346.926433055702 3
1757091941409 13071.153233573503 4
1757091941520 11276.81792209582 5
1757091941639 9846.261840435396 6
1757091941759 8697.701713267437 7
1757091941876 7770.559233106263 8
1757091941996 7018.56263285621 9
1757091942110 6405.836359130797 10
1757091942227 5904.341244857074 11
1757091942342 5492.0498139396395 12
1757091942450 5151.588174089607 13
1757091942609 4869.203884620713 14
1757091942730 4633.973340584753 15
1757091942852 4437.189552139466 16
1757091942966 4271.887472889666 17
1757091943086 4132.474906227375 18
1757091943202 4014.444781568854 19
1757091943314 3914.1503260608556 20
1757091943435 3828.628966833745 21
1757091943547 3755.4640685802706 22
1757091943670 3692.676105869646 23
1757091943787 3638.636779902536 24
1757091943903 3592.001056185737 25
1757091944021 3551.6532282432477 26
1757091944138 3516.663982512688 27
1757091944259 3486.256111345456 28
1757091944378 3459.777040497284 29
1757091944497 3436.6767397725544 30
1757091944614 3416.489897452123 31
1757091944733 3398.8214814110324 32
1757091944854 3383.334998262056 33
1757091944974 3369.742908633177 34
1757091945092 3357.7987711922497 35
1757091945212 3347.2907775128006 36
1757091945331 3338.0364099237877 37
1757091945449 3329.8780094256354 38
1757091945573 3322.679083930426 39
1757091945693 3316.321221086816 40
1757091945802 3310.7014967897935 41
1757091945916 3305.7302917120505 42
1757091946033 3301.329445040389 43
1757091946154 3297.4306880012023 44
1757091946264 3293.974310449339 45
1757091946386 3290.908022348778 46
1757091946504 3288.18597884018 47
1757091946618 3285.76794312093 48
1757091946736 3283.61856583312 49
1757091946846 3281.7067632805883 50
1757091946965 3280.005179747728 51
1757091947083 3278.4897216050085 52
1757091947204 3277.13915286481 53
1757091947321 3275.9347434807714 54
1757091947441 3274.8599630309727 55
1757091947553 3273.900213543305 56
1757091947671 3273.042596152811 57
1757091947791 3272.2757070595894 58
1757091947911 3271.58945890961 59
1757091948027 3270.974924271307 60
1757091948140 3270.4241983461493 61
1757091948262 3269.930278446011 62
1757091948373 3269.486958105689 63
1757091948490 3269.0887339852966 64
1757091948644 3268.730723962186 65
1757091948759 3268.4085950221206 66
1757091948884 3268.1184997401238 67
1757091949007 3267.8570202970573 68
1757091949127 3267.6211191124976 69
1757091949241 3267.408095290778 70
1757091949363 3267.2155461779907 71
1757091949480 3267.041333415246 72
1757091949653 3266.8835529497455 73
1757091949773 3266.740508531511 74
1757091949892 3266.6106882814456 75
1757091950010 3266.4927439669777 76
1757091950126 3266.3854726655804 77
1757091950239 3266.2878005351677 78
1757091950359 3266.198768444105 79
1757091950482 3266.11751924327 80
1757091950599 3266.04328648852 81
1757091950713 3265.9753844448123 82
1757091950835 3265.9131992231614 83
1757091950949 3265.856180919308 84
1757091951058 3265.8038366383903 85
1757091951175 3265.755724303541 86
1757091951291 3265.711447158309 87
1757091951402 3265.670648883377 88
1757091951516 3265.6330092572857 89
1757091951629 3265.5982402991176 90
1757091951745 3265.566082838274 91
1757091951863 3265.536303462854 92
1757091951973 3265.508691803746 93
1757091952083 3265.4830581165306 94
1757091952189 3265.4592311275965 95
1757091952295 3265.437056114811 96
1757091952406 3265.4163931964285 97
1757091952519 3265.3971158049603 98
1757091952639 3265.379109325399 99
