1757094102865 nan 0
1757094103002 nan 1
1757094103131 nan 2
1757094103306 nan 3
1757094103445 nan 4
1757094103581 nan 5
1757094103712 nan 6
1757094103840 nan 7
1757094103970 nan 8
1757094104103 nan 9
1757094104233 nan 10
1757094104371 nan 11
1757094104500 nan 12
1757094104628 nan 13
1757094104757 nan 14
1757094104882 nan 15
1757094105015 nan 16
1757094105148 nan 17
1757094105281 nan 18
1757094105416 nan 19
1757094105544 nan 20
1757094105675 nan 21
1757094105803 nan 22
1757094105930 nan 23
1757094106058 nan 24
1757094106192 nan 25
1757094106332 nan 26
1757094106466 nan 27
1757094106602 nan 28
1757094106734 nan 29
1757094106865 nan 30
1757094107008 nan 31
1757094107149 nan 32
1757094107280 nan 33
1757094107419 nan 34
1757094107558 nan 35
1757094107693 nan 36
1757094107940 nan 37
1757094108072 nan 38
1757094108204 nan 39
1757094108337 nan 40
1757094108470 nan 41
1757094108615 nan 42
1757094108755 nan 43
1757094108984 nan 44
1757094109134 nan 45
1757094109269 nan 46
1757094109414 nan 47
1757094109553 nan 48
1757094109693 nan 49
1757094109831 nan 50
1757094109959 nan 51
1757094110091 nan 52
1757094110228 nan 53
1757094110374 nan 54
1757094110505 nan 55
1757094110657 nan 56
1757094110795 nan 57
1757094110935 nan 58
1757094111075 nan 59
1757094111215 nan 60
1757094111364 nan 61
1757094111512 nan 62
1757094111644 nan 63
1757094111777 nan 64
1757094111912 nan 65
1757094112047 nan 66
1757094112180 nan 67
1757094112309 nan 68
1757094112458 nan 69
1757094112612 nan 70
1757094112764 nan 71
1757094112908 nan 72
1757094113045 nan 73
1757094113184 nan 74
1757094113435 nan 75
1757094113576 nan 76
1757094113711 nan 77
1757094113872 nan 78
1757094114003 nan 79
1757094114147 nan 80
1757094114285 nan 81
1757094114417 nan 82
1757094114548 nan 83
1757094114680 nan 84
1757094114808 nan 85
1757094114936 nan 86
1757094115063 nan 87
1757094115198 nan 88
1757094115332 nan 89
1757094115463 nan 90
1757094115594 nan 91
1757094115728 nan 92
1757094115876 nan 93
1757094116012 nan 94
1757094116144 nan 95
1757094116381 nan 96
1757094116514 nan 97
1757094116648 nan 98
1757094116784 nan 99
1757094116923 nan 100
1757094117058 nan 101
1757094117202 nan 102
1757094117340 nan 103
1757094117485 nan 104
1757094117629 nan 105
1757094117806 nan 106
1757094117948 nan 107
1757094118080 nan 108
1757094118210 nan 109
1757094118347 nan 110
1757094118481 nan 111
1757094118624 nan 112
1757094118753 nan 113
1757094118883 nan 114
1757094119028 nan 115
1757094119151 nan 116
1757094119278 nan 117
1757094119406 nan 118
1757094119537 nan 119
1757094119672 nan 120
1757094119853 nan 121
1757094120011 nan 122
1757094120165 nan 123
1757094120309 nan 124
1757094120449 nan 125
1757094120589 nan 126
1757094120737 nan 127
1757094120869 nan 128
1757094121007 nan 129
1757094121144 nan 130
1757094121280 nan 131
1757094121421 nan 132
1757094121569 nan 133
1757094121699 nan 134
1757094121833 nan 135
1757094121973 nan 136
1757094122123 nan 137
1757094122269 nan 138
1757094122455 nan 139
1757094122594 nan 140
1757094122735 nan 141
1757094122870 nan 142
1757094123005 nan 143
1757094123150 nan 144
1757094123289 nan 145
1757094123423 nan 146
1757094123555 nan 147
1757094123688 nan 148
1757094123818 nan 149
1757094123955 nan 150
1757094124089 nan 151
1757094124226 nan 152
1757094124352 nan 153
1757094124478 nan 154
1757094124684 nan 155
1757094124827 nan 156
1757094124963 nan 157
1757094125221 nan 158
1757094125355 nan 159
1757094125488 nan 160
1757094125623 nan 161
1757094125762 nan 162
1757094125904 nan 163
1757094126044 nan 164
1757094126178 nan 165
1757094126328 nan 166
1757094126472 nan 167
1757094126607 nan 168
1757094126753 nan 169
1757094126902 nan 170
1757094127037 nan 171
1757094127172 nan 172
1757094127311 nan 173
1757094127453 nan 174
1757094127584 nan 175
1757094127712 nan 176
1757094127852 nan 177
1757094127991 nan 178
1757094128150 nan 179
1757094128320 nan 180
1757094128504 nan 181
1757094128669 nan 182
1757094128814 nan 183
1757094128956 nan 184
1757094129104 nan 185
1757094129251 nan 186
1757094129386 nan 187
1757094129524 nan 188
1757094129668 nan 189
1757094129811 nan 190
1757094129955 nan 191
1757094130100 nan 192
1757094130244 nan 193
1757094130386 nan 194
1757094130526 nan 195
1757094130666 nan 196
1757094130816 nan 197
1757094131025 nan 198
1757094131192 nan 199
1757094131339 nan 200
1757094131488 nan 201
1757094131654 nan 202
1757094131792 nan 203
1757094131939 nan 204
1757094132083 nan 205
1757094132214 nan 206
1757094132369 nan 207
1757094132517 nan 208
1757094132658 nan 209
1757094132796 nan 210
1757094132932 nan 211
1757094133088 nan 212
1757094133335 nan 213
1757094133474 nan 214
1757094133685 nan 215
1757094133824 nan 216
1757094133970 nan 217
1757094134107 nan 218
1757094134243 nan 219
1757094134379 nan 220
1757094134529 nan 221
1757094134655 nan 222
1757094134785 nan 223
1757094134916 nan 224
1757094135050 nan 225
1757094135207 nan 226
1757094135363 nan 227
1757094135513 nan 228
1757094135668 nan 229
1757094135819 nan 230
1757094135955 nan 231
1757094136095 nan 232
1757094136241 nan 233
1757094136371 nan 234
1757094136529 nan 235
1757094136670 nan 236
1757094136826 nan 237
1757094136984 nan 238
1757094137136 nan 239
1757094137271 nan 240
1757094137434 nan 241
1757094137636 nan 242
1757094137783 nan 243
1757094137926 nan 244
1757094138069 nan 245
1757094138202 nan 246
1757094138343 nan 247
1757094138529 nan 248
1757094138677 nan 249
1757094138812 nan 250
1757094138943 nan 251
1757094139086 nan 252
1757094139223 nan 253
1757094139374 nan 254
1757094139524 nan 255
1757094139663 nan 256
1757094139802 nan 257
1757094139930 nan 258
1757094140068 nan 259
1757094140204 nan 260
1757094140346 nan 261
1757094140492 nan 262
1757094140626 nan 263
1757094140768 nan 264
1757094140906 nan 265
1757094141059 nan 266
1757094141190 nan 267
1757094141323 nan 268
1757094141468 nan 269
1757094141614 nan 270
1757094141771 nan 271
1757094142024 nan 272
1757094142160 nan 273
1757094142320 nan 274
1757094142451 nan 275
1757094142582 nan 276
1757094142745 nan 277
1757094142881 nan 278
1757094143018 nan 279
1757094143149 nan 280
1757094143284 nan 281
1757094143407 nan 282
1757094143550 nan 283
1757094143686 nan 284
1757094143815 nan 285
1757094143945 nan 286
1757094144073 nan 287
1757094144202 nan 288
1757094144329 nan 289
1757094144454 nan 290
1757094144585 nan 291
1757094144717 nan 292
1757094144841 nan 293
1757094144979 nan 294
1757094145116 nan 295
1757094145252 nan 296
1757094145388 nan 297
1757094145531 nan 298
1757094145673 nan 299
1757094145814 nan 300
1757094145946 nan 301
1757094146079 nan 302
1757094146211 nan 303
1757094146344 nan 304
1757094146475 nan 305
1757094146619 nan 306
1757094146755 nan 307
1757094146890 nan 308
1757094147074 nan 309
1757094147205 nan 310
1757094147336 nan 311
1757094147474 nan 312
1757094147606 nan 313
1757094147737 nan 314
1757094147871 nan 315
1757094148003 nan 316
1757094148141 nan 317
1757094148277 nan 318
1757094148407 nan 319
1757094148562 nan 320
1757094148721 nan 321
1757094148860 nan 322
1757094148993 nan 323
1757094149124 nan 324
1757094149267 nan 325
1757094149402 nan 326
1757094149535 nan 327
1757094149670 nan 328
1757094149799 nan 329
1757094149932 nan 330
1757094150151 nan 331
1757094150287 nan 332
1757094150426 nan 333
1757094150591 nan 334
1757094150730 nan 335
1757094150877 nan 336
1757094151009 nan 337
1757094151139 nan 338
1757094151286 nan 339
1757094151422 nan 340
1757094151566 nan 341
1757094151692 nan 342
1757094151826 nan 343
1757094151971 nan 344
1757094152104 nan 345
1757094152239 nan 346
1757094152370 nan 347
1757094152497 nan 348
1757094152657 nan 349
1757094152830 nan 350
1757094152966 nan 351
1757094153100 nan 352
1757094153258 nan 353
1757094153568 nan 354
1757094153892 nan 355
1757094154084 nan 356
1757094154312 nan 357
1757094154444 nan 358
1757094154582 nan 359
1757094154716 nan 360
1757094154854 nan 361
1757094154987 nan 362
1757094155119 nan 363
1757094155248 nan 364
1757094155373 nan 365
1757094155496 nan 366
1757094155631 nan 367
1757094155766 nan 368
1757094155898 nan 369
1757094156025 nan 370
1757094156156 nan 371
1757094156284 nan 372
1757094156417 nan 373
1757094156564 nan 374
1757094156697 nan 375
1757094156836 nan 376
1757094156975 nan 377
1757094157113 nan 378
1757094157251 nan 379
1757094157379 nan 380
1757094157519 nan 381
1757094157651 nan 382
1757094157789 nan 383
1757094157922 nan 384
1757094158070 nan 385
1757094158204 nan 386
1757094158337 nan 387
1757094158468 nan 388
1757094158603 nan 389
1757094158741 nan 390
1757094158911 nan 391
1757094159069 nan 392
1757094159199 nan 393
1757094159328 nan 394
1757094159461 nan 395
1757094159612 nan 396
1757094159748 nan 397
1757094159881 nan 398
1757094160010 nan 399
1757094160150 nan 400
1757094160298 nan 401
1757094160432 nan 402
1757094160565 nan 403
1757094160694 nan 404
1757094160826 nan 405
1757094160959 nan 406
1757094161112 nan 407
1757094161250 nan 408
1757094161386 nan 409
1757094161526 nan 410
1757094161658 nan 411
1757094161801 nan 412
1757094161960 nan 413
1757094162086 nan 414
1757094162241 nan 415
1757094162398 nan 416
1757094162538 nan 417
1757094162705 nan 418
1757094162851 nan 419
1757094162990 nan 420
1757094163145 nan 421
1757094163287 nan 422
1757094163433 nan 423
1757094163579 nan 424
1757094163734 nan 425
1757094163889 nan 426
1757094164025 nan 427
1757094164173 nan 428
1757094164322 nan 429
1757094164531 nan 430
1757094164655 nan 431
1757094164818 nan 432
1757094164958 nan 433
1757094165107 nan 434
1757094165257 nan 435
1757094165400 nan 436
1757094165540 nan 437
1757094165719 nan 438
1757094165990 nan 439
1757094166135 nan 440
1757094166261 nan 441
1757094166397 nan 442
1757094166531 nan 443
1757094166666 nan 444
1757094166793 nan 445
1757094166941 nan 446
1757094167085 nan 447
1757094167221 nan 448
1757094167429 nan 449
1757094167569 nan 450
1757094167717 nan 451
1757094167853 nan 452
1757094167984 nan 453
1757094168118 nan 454
1757094168257 nan 455
1757094168426 nan 456
1757094168576 nan 457
1757094168722 nan 458
1757094168853 nan 459
1757094168987 nan 460
1757094169133 nan 461
1757094169272 nan 462
1757094169417 nan 463
1757094169580 nan 464
1757094169721 nan 465
1757094169851 nan 466
1757094170002 nan 467
1757094170173 nan 468
1757094170315 nan 469
1757094170462 nan 470
1757094170596 nan 471
1757094170728 nan 472
1757094170872 nan 473
1757094171006 nan 474
1757094171147 nan 475
1757094171323 nan 476
1757094171485 nan 477
1757094171638 nan 478
1757094171771 nan 479
1757094171933 nan 480
1757094172072 nan 481
1757094172203 nan 482
1757094172333 nan 483
1757094172461 nan 484
1757094172592 nan 485
1757094172760 nan 486
1757094172926 nan 487
1757094173064 nan 488
1757094173213 nan 489
1757094173347 nan 490
1757094173522 nan 491
1757094173692 nan 492
1757094173845 nan 493
1757094173993 nan 494
1757094174132 nan 495
1757094174281 nan 496
1757094174409 nan 497
1757094174544 nan 498
1757094174688 nan 499
