1757096226551 nan 0
1757096226705 nan 1
1757096226856 nan 2
1757096227138 nan 3
1757096227303 nan 4
1757096227486 nan 5
1757096227647 nan 6
1757096227802 nan 7
1757096227976 nan 8
1757096228167 nan 9
1757096228341 nan 10
1757096228478 nan 11
1757096228629 nan 12
1757096228773 nan 13
1757096228907 nan 14
1757096229050 nan 15
1757096229192 nan 16
1757096229323 nan 17
1757096229482 nan 18
1757096229645 nan 19
1757096229781 nan 20
1757096229929 nan 21
1757096230070 nan 22
1757096230217 nan 23
1757096230360 nan 24
1757096230497 nan 25
1757096230646 nan 26
1757096230787 nan 27
1757096230927 nan 28
1757096231073 nan 29
1757096231221 nan 30
1757096231372 nan 31
1757096231579 nan 32
1757096231734 nan 33
1757096231880 nan 34
1757096232027 nan 35
1757096232168 nan 36
1757096232334 nan 37
1757096232528 nan 38
1757096232692 nan 39
1757096232855 nan 40
1757096233043 nan 41
1757096233202 nan 42
1757096233391 nan 43
1757096233568 nan 44
1757096233722 nan 45
1757096233885 nan 46
1757096234362 nan 47
1757096234545 nan 48
1757096234729 nan 49
1757096235175 nan 50
1757096235349 nan 51
1757096235511 nan 52
1757096235676 nan 53
1757096235834 nan 54
1757096236003 nan 55
1757096236190 nan 56
1757096236352 nan 57
1757096236512 nan 58
1757096236655 nan 59
1757096236789 nan 60
1757096236937 nan 61
1757096237106 nan 62
1757096237241 nan 63
1757096237393 nan 64
1757096237556 nan 65
1757096237714 nan 66
1757096237916 nan 67
1757096238069 nan 68
1757096238217 nan 69
1757096238365 nan 70
1757096238524 nan 71
1757096238688 nan 72
1757096238845 nan 73
1757096239007 nan 74
1757096239162 nan 75
1757096239310 nan 76
1757096239443 nan 77
1757096239592 nan 78
1757096239740 nan 79
1757096239877 nan 80
1757096240018 nan 81
1757096240155 nan 82
1757096240294 nan 83
1757096240440 nan 84
1757096240592 nan 85
1757096240766 nan 86
1757096240928 nan 87
1757096241109 nan 88
1757096241263 nan 89
1757096241417 nan 90
1757096241603 nan 91
1757096241761 nan 92
1757096241956 nan 93
1757096242141 nan 94
1757096242306 nan 95
1757096242482 nan 96
1757096242633 nan 97
1757096242788 nan 98
1757096242946 nan 99
1757096243125 nan 100
1757096243314 nan 101
1757096244432 nan 102
1757096244621 nan 103
1757096244852 nan 104
1757096245019 nan 105
1757096245200 nan 106
1757096245392 nan 107
1757096245613 nan 108
1757096245752 nan 109
1757096245887 nan 110
1757096246034 nan 111
1757096246170 nan 112
1757096246421 nan 113
1757096246559 nan 114
1757096246691 nan 115
1757096246823 nan 116
1757096246959 nan 117
1757096247094 nan 118
1757096247225 nan 119
1757096247384 nan 120
1757096247560 nan 121
1757096247771 nan 122
1757096247981 nan 123
1757096248130 nan 124
1757096248281 nan 125
1757096248431 nan 126
1757096248585 nan 127
1757096248755 nan 128
1757096248910 nan 129
1757096249079 nan 130
1757096249247 nan 131
1757096249412 nan 132
1757096249580 nan 133
1757096249743 nan 134
1757096249910 nan 135
1757096250065 nan 136
1757096250236 nan 137
1757096250420 nan 138
1757096250603 nan 139
1757096250776 nan 140
1757096250949 nan 141
1757096251175 nan 142
1757096251329 nan 143
1757096251524 nan 144
1757096251658 nan 145
1757096251804 nan 146
1757096251979 nan 147
1757096252351 nan 148
1757096252541 nan 149
1757096252716 nan 150
1757096252912 nan 151
1757096253180 nan 152
1757096253378 nan 153
1757096253544 nan 154
1757096253972 nan 155
1757096254300 nan 156
1757096254679 nan 157
1757096254871 nan 158
1757096255030 nan 159
1757096255186 nan 160
1757096255377 nan 161
1757096255564 nan 162
1757096255748 nan 163
1757096255919 nan 164
1757096256094 nan 165
1757096256258 nan 166
1757096256411 nan 167
1757096256589 nan 168
1757096256754 nan 169
1757096256919 nan 170
1757096257130 nan 171
1757096257316 nan 172
1757096257527 nan 173
1757096257698 nan 174
1757096257890 nan 175
1757096258070 nan 176
1757096258262 nan 177
1757096258449 nan 178
1757096259670 nan 179
1757096259837 nan 180
1757096260012 nan 181
1757096260225 nan 182
1757096260409 nan 183
1757096260594 nan 184
1757096260747 nan 185
1757096260911 nan 186
1757096261088 nan 187
1757096261275 nan 188
1757096261490 nan 189
1757096261662 nan 190
1757096261836 nan 191
1757096262006 nan 192
1757096263270 nan 193
1757096263427 nan 194
1757096263577 nan 195
1757096263740 nan 196
1757096263875 nan 197
1757096264020 nan 198
1757096264168 nan 199
1757096264308 nan 200
1757096264458 nan 201
1757096264612 nan 202
1757096264762 nan 203
1757096264913 nan 204
1757096265051 nan 205
1757096265194 nan 206
1757096265344 nan 207
1757096265481 nan 208
1757096265619 nan 209
1757096265785 nan 210
1757096265948 nan 211
1757096266102 nan 212
1757096266723 nan 213
1757096266934 nan 214
1757096267085 nan 215
1757096267246 nan 216
1757096267412 nan 217
1757096267559 nan 218
1757096267726 nan 219
1757096268175 nan 220
1757096268332 nan 221
1757096268480 nan 222
1757096268644 nan 223
1757096268792 nan 224
1757096268934 nan 225
1757096269077 nan 226
1757096269236 nan 227
1757096269390 nan 228
1757096269529 nan 229
1757096269685 nan 230
1757096269838 nan 231
1757096269999 nan 232
1757096270148 nan 233
1757096270286 nan 234
1757096270430 nan 235
1757096270583 nan 236
1757096270739 nan 237
1757096270888 nan 238
1757096271031 nan 239
1757096271177 nan 240
1757096271329 nan 241
1757096271471 nan 242
1757096271621 nan 243
1757096271759 nan 244
1757096271894 nan 245
1757096272087 nan 246
1757096272382 nan 247
1757096272768 nan 248
1757096273151 nan 249
1757096275135 nan 250
1757096275477 nan 251
1757096275855 nan 252
1757096276056 nan 253
1757096276233 nan 254
1757096276424 nan 255
1757096276616 nan 256
1757096276787 nan 257
1757096276950 nan 258
1757096277097 nan 259
1757096277249 nan 260
1757096277403 nan 261
1757096277565 nan 262
1757096277890 nan 263
1757096278285 nan 264
1757096278502 nan 265
1757096278711 nan 266
1757096278902 nan 267
1757096279081 nan 268
1757096279230 nan 269
1757096279390 nan 270
1757096279542 nan 271
1757096279732 nan 272
1757096279907 nan 273
1757096280058 nan 274
1757096280225 nan 275
1757096280386 nan 276
1757096280726 nan 277
1757096280942 nan 278
1757096281163 nan 279
1757096281358 nan 280
1757096281565 nan 281
1757096281765 nan 282
1757096282016 nan 283
1757096282211 nan 284
1757096282387 nan 285
1757096282569 nan 286
1757096282744 nan 287
1757096282909 nan 288
1757096283079 nan 289
1757096283242 nan 290
1757096283417 nan 291
1757096283577 nan 292
1757096283729 nan 293
1757096283943 nan 294
1757096284107 nan 295
1757096284321 nan 296
1757096284518 nan 297
1757096284701 nan 298
1757096284874 nan 299
1757096285015 nan 300
1757096285175 nan 301
1757096285319 nan 302
1757096285721 nan 303
1757096285927 nan 304
1757096286110 nan 305
1757096286279 nan 306
1757096286444 nan 307
1757096286644 nan 308
1757096286808 nan 309
1757096286967 nan 310
1757096287147 nan 311
1757096287322 nan 312
1757096287513 nan 313
1757096287693 nan 314
1757096287880 nan 315
1757096288091 nan 316
1757096288298 nan 317
1757096288471 nan 318
1757096288652 nan 319
1757096288892 nan 320
1757096289082 nan 321
1757096290119 nan 322
1757096290321 nan 323
1757096290492 nan 324
1757096290666 nan 325
1757096290853 nan 326
1757096291032 nan 327
1757096291209 nan 328
1757096291373 nan 329
1757096291526 nan 330
1757096291673 nan 331
1757096291849 nan 332
1757096291989 nan 333
1757096292149 nan 334
1757096292302 nan 335
1757096292446 nan 336
1757096292734 nan 337
1757096292941 nan 338
1757096293098 nan 339
1757096293257 nan 340
1757096293409 nan 341
1757096293690 nan 342
1757096293837 nan 343
1757096294004 nan 344
1757096294179 nan 345
1757096294357 nan 346
1757096294555 nan 347
1757096294763 nan 348
1757096294997 nan 349
1757096295233 nan 350
1757096295438 nan 351
1757096295633 nan 352
1757096295811 nan 353
1757096296156 nan 354
1757096296512 nan 355
1757096296905 nan 356
1757096297277 nan 357
1757096297565 nan 358
1757096297752 nan 359
1757096297938 nan 360
1757096298158 nan 361
1757096298348 nan 362
1757096298547 nan 363
1757096298757 nan 364
1757096299269 nan 365
1757096299570 nan 366
1757096299827 nan 367
1757096300289 nan 368
1757096300512 nan 369
1757096300768 nan 370
1757096301095 nan 371
1757096301403 nan 372
1757096302253 nan 373
1757096302530 nan 374
1757096302750 nan 375
1757096302932 nan 376
1757096303203 nan 377
1757096303576 nan 378
1757096303907 nan 379
1757096304206 nan 380
1757096304453 nan 381
1757096304704 nan 382
1757096304931 nan 383
1757096305498 nan 384
1757096305894 nan 385
1757096307139 nan 386
1757096308481 nan 387
1757096308939 nan 388
1757096309303 nan 389
1757096309517 nan 390
1757096309842 nan 391
1757096310133 nan 392
1757096310447 nan 393
1757096310798 nan 394
1757096311014 nan 395
1757096311330 nan 396
1757096311612 nan 397
1757096311882 nan 398
1757096312080 nan 399
1757096312322 nan 400
1757096312666 nan 401
1757096312887 nan 402
1757096314311 nan 403
1757096314590 nan 404
1757096314942 nan 405
1757096315187 nan 406
1757096315378 nan 407
1757096315795 nan 408
1757096315946 nan 409
1757096316110 nan 410
1757096316310 nan 411
1757096316490 nan 412
1757096316661 nan 413
1757096316835 nan 414
1757096317014 nan 415
1757096317214 nan 416
1757096317396 nan 417
1757096317567 nan 418
1757096317742 nan 419
1757096318041 nan 420
1757096318342 nan 421
1757096319124 nan 422
1757096319482 nan 423
1757096319857 nan 424
1757096320079 nan 425
1757096320272 nan 426
1757096320528 nan 427
1757096320733 nan 428
1757096320910 nan 429
1757096321099 nan 430
1757096321319 nan 431
1757096321599 nan 432
1757096321824 nan 433
1757096322318 nan 434
1757096322481 nan 435
1757096322646 nan 436
1757096322833 nan 437
1757096323001 nan 438
1757096323152 nan 439
1757096323309 nan 440
1757096323489 nan 441
1757096323656 nan 442
1757096323820 nan 443
1757096323982 nan 444
1757096324142 nan 445
1757096324284 nan 446
1757096324447 nan 447
1757096324606 nan 448
1757096324768 nan 449
1757096324923 nan 450
1757096325074 nan 451
1757096325231 nan 452
1757096325408 nan 453
1757096325644 nan 454
1757096325812 nan 455
1757096325965 nan 456
1757096326145 nan 457
1757096326312 nan 458
1757096326474 nan 459
1757096326626 nan 460
1757096326767 nan 461
1757096326923 nan 462
1757096327073 nan 463
1757096327231 nan 464
1757096327409 nan 465
1757096327631 nan 466
1757096327928 nan 467
1757096328124 nan 468
1757096328297 nan 469
1757096328658 nan 470
1757096328843 nan 471
1757096329237 nan 472
1757096329396 nan 473
1757096329568 nan 474
1757096329726 nan 475
1757096329926 nan 476
1757096330107 nan 477
1757096331441 nan 478
1757096332693 nan 479
1757096332828 nan 480
1757096333012 nan 481
1757096333460 nan 482
1757096333650 nan 483
1757096333845 nan 484
1757096334207 nan 485
1757096334864 nan 486
1757096335913 nan 487
1757096336268 nan 488
1757096336643 nan 489
1757096336853 nan 490
1757096337006 nan 491
1757096337180 nan 492
1757096337351 nan 493
1757096337514 nan 494
1757096337661 nan 495
1757096338000 nan 496
1757096338289 nan 497
1757096338459 nan 498
1757096338856 nan 499
