1757096462393 nan 0
1757096462577 nan 1
1757096462746 nan 2
1757096462905 nan 3
1757096463057 nan 4
1757096463330 nan 5
1757096463546 nan 6
1757096463731 nan 7
1757096464021 nan 8
1757096464239 nan 9
1757096464454 nan 10
1757096464669 nan 11
1757096464844 nan 12
1757096465020 nan 13
1757096465185 nan 14
1757096465451 nan 15
1757096466020 nan 16
1757096466230 nan 17
1757096466454 nan 18
1757096466692 nan 19
1757096466895 nan 20
1757096467135 nan 21
1757096467350 nan 22
1757096467581 nan 23
1757096467825 nan 24
1757096468065 nan 25
1757096468276 nan 26
1757096468483 nan 27
1757096468731 nan 28
1757096468924 nan 29
1757096469237 nan 30
1757096469768 nan 31
1757096470115 nan 32
1757096470467 nan 33
1757096470842 nan 34
1757096471058 nan 35
1757096471299 nan 36
1757096471520 nan 37
1757096471765 nan 38
1757096471959 nan 39
1757096472224 nan 40
1757096472457 nan 41
1757096472702 nan 42
1757096472932 nan 43
1757096473528 nan 44
1757096473898 nan 45
1757096474098 nan 46
1757096474270 nan 47
1757096474600 nan 48
1757096474994 nan 49
1757096475250 nan 50
1757096475521 nan 51
1757096475801 nan 52
1757096476023 nan 53
1757096476267 nan 54
1757096476553 nan 55
1757096476769 nan 56
1757096477108 nan 57
1757096477615 nan 58
1757096478055 nan 59
1757096478327 nan 60
1757096478605 nan 61
1757096478825 nan 62
1757096479047 nan 63
1757096479381 nan 64
1757096479793 nan 65
1757096480109 nan 66
1757096480377 nan 67
1757096480606 nan 68
1757096480817 nan 69
1757096481022 nan 70
1757096481258 nan 71
1757096481548 nan 72
1757096481815 nan 73
1757096482038 nan 74
1757096482261 nan 75
1757096482514 nan 76
1757096482762 nan 77
1757096482980 nan 78
1757096483410 nan 79
1757096483653 nan 80
1757096483907 nan 81
1757096484325 nan 82
1757096484670 nan 83
1757096485051 nan 84
1757096485458 nan 85
1757096486959 nan 86
1757096491953 nan 87
1757096492930 nan 88
1757096493937 nan 89
1757096494580 nan 90
1757096496227 nan 91
1757096497775 nan 92
1757096509951 nan 93
1757096510414 nan 94
1757096510857 nan 95
1757096511304 nan 96
1757096511899 nan 97
1757096512287 nan 98
1757096512751 nan 99
1757096513109 nan 100
1757096513474 nan 101
1757096513638 nan 102
1757096514099 nan 103
1757096514715 nan 104
1757096515133 nan 105
1757096515473 nan 106
1757096516061 nan 107
1757096516456 nan 108
1757096524215 nan 109
1757096524367 nan 110
1757096524657 nan 111
1757096524990 nan 112
1757096525381 nan 113
1757096525724 nan 114
1757096526029 nan 115
1757096526557 nan 116
1757096526844 nan 117
1757096527031 nan 118
1757096527325 nan 119
1757096528250 nan 120
1757096528567 nan 121
1757096528826 nan 122
1757096529108 nan 123
1757096529264 nan 124
1757096529533 nan 125
1757096529841 nan 126
1757096530096 nan 127
1757096530294 nan 128
1757096530534 nan 129
1757096530907 nan 130
1757096531096 nan 131
1757096531306 nan 132
1757096531545 nan 133
1757096531927 nan 134
1757096532196 nan 135
1757096532407 nan 136
1757096532631 nan 137
1757096532877 nan 138
1757096533131 nan 139
1757096533389 nan 140
1757096534256 nan 141
1757096534461 nan 142
1757096534767 nan 143
1757096535091 nan 144
1757096535379 nan 145
1757096535695 nan 146
1757096535969 nan 147
1757096536352 nan 148
1757096536702 nan 149
1757096536955 nan 150
1757096537223 nan 151
1757096537503 nan 152
1757096539122 nan 153
1757096539349 nan 154
1757096539607 nan 155
1757096539844 nan 156
1757096540207 nan 157
1757096540925 nan 158
1757096541365 nan 159
1757096541531 nan 160
1757096541841 nan 161
1757096542072 nan 162
1757096542244 nan 163
1757096542415 nan 164
1757096542606 nan 165
1757096542786 nan 166
1757096542966 nan 167
1757096543105 nan 168
1757096543279 nan 169
1757096543455 nan 170
1757096543632 nan 171
1757096547909 nan 172
1757096548598 nan 173
1757096549186 nan 174
1757096549440 nan 175
1757096549809 nan 176
1757096550002 nan 177
1757096550903 nan 178
1757096551618 nan 179
1757096552086 nan 180
1757096552451 nan 181
1757096552643 nan 182
1757096553066 nan 183
1757096553226 nan 184
1757096553403 nan 185
1757096553593 nan 186
1757096553768 nan 187
1757096554543 nan 188
1757096554732 nan 189
1757096554927 nan 190
1757096555113 nan 191
1757096555277 nan 192
1757096555460 nan 193
1757096555633 nan 194
1757096555829 nan 195
1757096556110 nan 196
1757096556352 nan 197
1757096556561 nan 198
1757096556915 nan 199
1757096557150 nan 200
1757096557337 nan 201
1757096557784 nan 202
1757096558208 nan 203
1757096558711 nan 204
1757096559010 nan 205
1757096559244 nan 206
1757096559498 nan 207
1757096559943 nan 208
1757096560224 nan 209
1757096560550 nan 210
1757096561142 nan 211
1757096561499 nan 212
1757096561927 nan 213
1757096562433 nan 214
1757096562725 nan 215
1757096562973 nan 216
1757096563646 nan 217
1757096563965 nan 218
1757096564292 nan 219
1757096564761 nan 220
1757096565241 nan 221
1757096565474 nan 222
1757096565733 nan 223
1757096566022 nan 224
1757096566242 nan 225
1757096566517 nan 226
1757096566795 nan 227
1757096567226 nan 228
1757096567506 nan 229
1757096567773 nan 230
1757096568030 nan 231
1757096568301 nan 232
1757096568549 nan 233
1757096568872 nan 234
1757096569231 nan 235
1757096569661 nan 236
1757096570679 nan 237
1757096571161 nan 238
1757096571428 nan 239
1757096572031 nan 240
1757096572461 nan 241
1757096572816 nan 242
1757096573044 nan 243
1757096573264 nan 244
1757096573534 nan 245
1757096573867 nan 246
1757096574201 nan 247
1757096574700 nan 248
1757096575013 nan 249
1757096575545 nan 250
1757096575809 nan 251
1757096576153 nan 252
1757096576404 nan 253
1757096576742 nan 254
1757096577408 nan 255
1757096577657 nan 256
1757096578130 nan 257
1757096578515 nan 258
1757096579203 nan 259
1757096579582 nan 260
1757096579918 nan 261
1757096580206 nan 262
1757096580454 nan 263
1757096580702 nan 264
1757096580881 nan 265
1757096581109 nan 266
1757096581480 nan 267
1757096581667 nan 268
1757096582313 nan 269
1757096582699 nan 270
1757096582916 nan 271
1757096583177 nan 272
1757096583434 nan 273
1757096583714 nan 274
1757096584439 nan 275
1757096584756 nan 276
1757096585012 nan 277
1757096585168 nan 278
1757096585386 nan 279
1757096585600 nan 280
1757096586254 nan 281
1757096587251 nan 282
1757096588140 nan 283
1757096588659 nan 284
1757096589131 nan 285
1757096589875 nan 286
1757096590252 nan 287
1757096590667 nan 288
1757096591320 nan 289
1757096591689 nan 290
1757096592494 nan 291
1757096592959 nan 292
1757096593606 nan 293
1757096594104 nan 294
1757096594731 nan 295
1757096595368 nan 296
1757096596558 nan 297
1757096597345 nan 298
1757096597703 nan 299
1757096598542 nan 300
1757096598997 nan 301
1757096599407 nan 302
1757096599806 nan 303
1757096600255 nan 304
1757096600552 nan 305
1757096600910 nan 306
1757096601218 nan 307
1757096601432 nan 308
1757096601612 nan 309
1757096601974 nan 310
1757096602320 nan 311
1757096602509 nan 312
1757096602700 nan 313
1757096602893 nan 314
1757096603077 nan 315
1757096603253 nan 316
1757096603431 nan 317
1757096603600 nan 318
1757096603934 nan 319
1757096604184 nan 320
1757096604382 nan 321
1757096604701 nan 322
1757096604927 nan 323
1757096605275 nan 324
1757096605568 nan 325
1757096605801 nan 326
1757096606164 nan 327
1757096606479 nan 328
1757096606644 nan 329
1757096606955 nan 330
1757096607239 nan 331
1757096607411 nan 332
1757096607589 nan 333
1757096607768 nan 334
1757096607978 nan 335
1757096608176 nan 336
1757096608383 nan 337
1757096608671 nan 338
1757096608894 nan 339
1757096609161 nan 340
1757096609394 nan 341
1757096609599 nan 342
1757096609778 nan 343
1757096610112 nan 344
1757096610351 nan 345
1757096610568 nan 346
1757096610829 nan 347
1757096611420 nan 348
1757096611570 nan 349
1757096611799 nan 350
1757096612894 nan 351
1757096613121 nan 352
1757096613341 nan 353
1757096613593 nan 354
1757096613779 nan 355
1757096614142 nan 356
1757096614365 nan 357
1757096614536 nan 358
1757096614712 nan 359
1757096614954 nan 360
1757096615207 nan 361
1757096615440 nan 362
1757096615629 nan 363
1757096615852 nan 364
1757096616072 nan 365
1757096616367 nan 366
1757096616613 nan 367
1757096616804 nan 368
1757096617028 nan 369
1757096617336 nan 370
1757096617683 nan 371
1757096617995 nan 372
1757096618227 nan 373
1757096618494 nan 374
1757096618854 nan 375
1757096619072 nan 376
1757096619338 nan 377
1757096619821 nan 378
1757096620130 nan 379
1757096620441 nan 380
1757096620804 nan 381
1757096621121 nan 382
1757096621324 nan 383
1757096621498 nan 384
1757096621729 nan 385
1757096621947 nan 386
1757096622119 nan 387
1757096622318 nan 388
1757096622646 nan 389
1757096622842 nan 390
1757096623183 nan 391
1757096623430 nan 392
1757096623647 nan 393
1757096624140 nan 394
1757096625341 nan 395
1757096625976 nan 396
1757096626366 nan 397
1757096626641 nan 398
1757096626827 nan 399
1757096627037 nan 400
1757096627317 nan 401
1757096627521 nan 402
1757096627724 nan 403
1757096627899 nan 404
1757096628103 nan 405
1757096628499 nan 406
1757096628614 nan 407
1757096628857 nan 408
1757096629040 nan 409
1757096629262 nan 410
1757096629461 nan 411
1757096629699 nan 412
1757096629952 nan 413
1757096630169 nan 414
1757096630450 nan 415
1757096630667 nan 416
1757096630951 nan 417
1757096631143 nan 418
1757096631612 nan 419
1757096631897 nan 420
1757096632239 nan 421
1757096632811 nan 422
1757096633039 nan 423
1757096633234 nan 424
1757096633767 nan 425
1757096634130 nan 426
1757096634352 nan 427
1757096634782 nan 428
1757096635126 nan 429
1757096635475 nan 430
1757096635900 nan 431
1757096636172 nan 432
1757096636554 nan 433
1757096636772 nan 434
1757096637162 nan 435
1757096637661 nan 436
1757096638201 nan 437
1757096638833 nan 438
1757096639706 nan 439
1757096640445 nan 440
1757096641859 nan 441
1757096643550 nan 442
1757096645317 nan 443
1757096646393 nan 444
1757096646966 nan 445
1757096647377 nan 446
1757096647743 nan 447
1757096648059 nan 448
1757096648391 nan 449
1757096648562 nan 450
1757096648867 nan 451
1757096649086 nan 452
1757096649374 nan 453
1757096649891 nan 454
1757096650147 nan 455
1757096650476 nan 456
1757096650749 nan 457
1757096651017 nan 458
1757096651234 nan 459
1757096651428 nan 460
1757096651649 nan 461
1757096652021 nan 462
1757096652354 nan 463
1757096652607 nan 464
1757096652862 nan 465
1757096653215 nan 466
1757096653557 nan 467
1757096654101 nan 468
1757096654398 nan 469
1757096654791 nan 470
1757096655189 nan 471
1757096655475 nan 472
1757096655944 nan 473
1757096656253 nan 474
1757096656549 nan 475
1757096656996 nan 476
1757096657374 nan 477
1757096657757 nan 478
1757096658106 nan 479
1757096658372 nan 480
1757096658686 nan 481
1757096658894 nan 482
1757096659223 nan 483
1757096659723 nan 484
1757096663393 nan 485
1757096663877 nan 486
1757096664262 nan 487
1757096664849 nan 488
1757096665351 nan 489
1757096665971 nan 490
1757096666287 nan 491
1757096666500 nan 492
1757096666727 nan 493
1757096666974 nan 494
1757096667319 nan 495
1757096667654 nan 496
1757096667884 nan 497
1757096668135 nan 498
1757096668473 nan 499
