1757096050706 nan 0
1757096050873 nan 1
1757096051083 nan 2
1757096051234 nan 3
1757096051451 nan 4
1757096051610 nan 5
1757096051864 nan 6
1757096052003 nan 7
1757096052141 nan 8
1757096052308 nan 9
1757096052447 nan 10
1757096052584 nan 11
1757096052715 nan 12
1757096052883 nan 13
1757096053025 nan 14
1757096053161 nan 15
1757096053313 nan 16
1757096053455 nan 17
1757096053593 nan 18
1757096053739 nan 19
1757096053874 nan 20
1757096054021 nan 21
1757096054165 nan 22
1757096054299 nan 23
1757096054482 nan 24
1757096054635 nan 25
1757096054786 nan 26
1757096054927 nan 27
1757096055078 nan 28
1757096055212 nan 29
1757096055352 nan 30
1757096055497 nan 31
1757096055658 nan 32
1757096055800 nan 33
1757096055952 nan 34
1757096056083 nan 35
1757096056213 nan 36
1757096056353 nan 37
1757096056481 nan 38
1757096056622 nan 39
1757096056762 nan 40
1757096056916 nan 41
1757096057060 nan 42
1757096057198 nan 43
1757096057326 nan 44
1757096057462 nan 45
1757096057598 nan 46
1757096057738 nan 47
1757096057894 nan 48
1757096058040 nan 49
1757096058176 nan 50
1757096058309 nan 51
1757096058455 nan 52
1757096058650 nan 53
1757096058868 nan 54
1757096059132 nan 55
1757096059260 nan 56
1757096059389 nan 57
1757096059535 nan 58
1757096059667 nan 59
1757096059801 nan 60
1757096059953 nan 61
1757096060086 nan 62
1757096060220 nan 63
1757096060365 nan 64
1757096060506 nan 65
1757096060641 nan 66
1757096060906 nan 67
1757096061155 nan 68
1757096061317 nan 69
1757096061456 nan 70
1757096061601 nan 71
1757096061793 nan 72
1757096061951 nan 73
1757096062108 nan 74
1757096062256 nan 75
1757096062408 nan 76
1757096062567 nan 77
1757096062736 nan 78
1757096062895 nan 79
1757096063067 nan 80
1757096063230 nan 81
1757096063393 nan 82
1757096063559 nan 83
1757096063730 nan 84
1757096063889 nan 85
1757096064062 nan 86
1757096064256 nan 87
1757096064416 nan 88
1757096064568 nan 89
1757096064725 nan 90
1757096064881 nan 91
1757096065033 nan 92
1757096065183 nan 93
1757096065457 nan 94
1757096065613 nan 95
1757096065751 nan 96
1757096065889 nan 97
1757096066038 nan 98
1757096066166 nan 99
1757096066308 nan 100
1757096066474 nan 101
1757096066605 nan 102
1757096066753 nan 103
1757096066896 nan 104
1757096067031 nan 105
1757096067181 nan 106
1757096067321 nan 107
1757096067455 nan 108
1757096067634 nan 109
1757096067775 nan 110
1757096067925 nan 111
1757096068063 nan 112
1757096068272 nan 113
1757096068834 nan 114
1757096069234 nan 115
1757096069599 nan 116
1757096069789 nan 117
1757096070044 nan 118
1757096070206 nan 119
1757096070407 nan 120
1757096070568 nan 121
1757096070719 nan 122
1757096070867 nan 123
1757096071012 nan 124
1757096071186 nan 125
1757096071341 nan 126
1757096071479 nan 127
1757096071620 nan 128
1757096071773 nan 129
1757096071943 nan 130
1757096072079 nan 131
1757096072210 nan 132
1757096072343 nan 133
1757096072471 nan 134
1757096072606 nan 135
1757096072830 nan 136
1757096072968 nan 137
1757096073106 nan 138
1757096073239 nan 139
1757096073441 nan 140
1757096073592 nan 141
1757096073745 nan 142
1757096074032 nan 143
1757096074275 nan 144
1757096074424 nan 145
1757096074575 nan 146
1757096074742 nan 147
1757096074906 nan 148
1757096075074 nan 149
1757096075213 nan 150
1757096075362 nan 151
1757096075513 nan 152
1757096075667 nan 153
1757096075834 nan 154
1757096075975 nan 155
1757096076142 nan 156
1757096076288 nan 157
1757096076440 nan 158
1757096076603 nan 159
1757096076743 nan 160
1757096076927 nan 161
1757096077072 nan 162
1757096077239 nan 163
1757096077422 nan 164
1757096077572 nan 165
1757096077795 nan 166
1757096077945 nan 167
1757096078081 nan 168
1757096078213 nan 169
1757096078355 nan 170
1757096078502 nan 171
1757096078660 nan 172
1757096078800 nan 173
1757096078927 nan 174
1757096079059 nan 175
1757096079242 nan 176
1757096079406 nan 177
1757096079542 nan 178
1757096079683 nan 179
1757096079846 nan 180
1757096079979 nan 181
1757096080129 nan 182
1757096080280 nan 183
1757096080420 nan 184
1757096080554 nan 185
1757096080690 nan 186
1757096080820 nan 187
1757096080951 nan 188
1757096081078 nan 189
1757096081207 nan 190
1757096081332 nan 191
1757096081463 nan 192
1757096081590 nan 193
1757096081720 nan 194
1757096081880 nan 195
1757096082020 nan 196
1757096082149 nan 197
1757096082275 nan 198
1757096082406 nan 199
1757096082536 nan 200
1757096082658 nan 201
1757096082786 nan 202
1757096082919 nan 203
1757096083049 nan 204
1757096083180 nan 205
1757096083307 nan 206
1757096083444 nan 207
1757096083769 nan 208
1757096083925 nan 209
1757096084066 nan 210
1757096084281 nan 211
1757096084471 nan 212
1757096084800 nan 213
1757096084970 nan 214
1757096085106 nan 215
1757096085258 nan 216
1757096085441 nan 217
1757096085597 nan 218
1757096085735 nan 219
1757096085901 nan 220
1757096086079 nan 221
1757096086225 nan 222
1757096086389 nan 223
1757096086543 nan 224
1757096086683 nan 225
1757096086810 nan 226
1757096086941 nan 227
1757096087086 nan 228
1757096087224 nan 229
1757096087366 nan 230
1757096087554 nan 231
1757096087705 nan 232
1757096087833 nan 233
1757096087961 nan 234
1757096088104 nan 235
1757096088261 nan 236
1757096088403 nan 237
1757096088533 nan 238
1757096088686 nan 239
1757096088824 nan 240
1757096088957 nan 241
1757096089186 nan 242
1757096089323 nan 243
1757096089461 nan 244
1757096089606 nan 245
1757096089764 nan 246
1757096089894 nan 247
1757096090024 nan 248
1757096090164 nan 249
1757096090302 nan 250
1757096090434 nan 251
1757096090569 nan 252
1757096090699 nan 253
1757096090834 nan 254
1757096090969 nan 255
1757096091096 nan 256
1757096091234 nan 257
1757096091369 nan 258
1757096091493 nan 259
1757096091625 nan 260
1757096091837 nan 261
1757096091977 nan 262
1757096092105 nan 263
1757096092238 nan 264
1757096092383 nan 265
1757096092512 nan 266
1757096092644 nan 267
1757096092771 nan 268
1757096092907 nan 269
1757096093051 nan 270
1757096093178 nan 271
1757096093319 nan 272
1757096093450 nan 273
1757096093583 nan 274
1757096093717 nan 275
1757096093848 nan 276
1757096093972 nan 277
1757096094108 nan 278
1757096094246 nan 279
1757096094397 nan 280
1757096094529 nan 281
1757096094655 nan 282
1757096094786 nan 283
1757096094920 nan 284
1757096095049 nan 285
1757096095180 nan 286
1757096095310 nan 287
1757096095438 nan 288
1757096095594 nan 289
1757096095766 nan 290
1757096095929 nan 291
1757096096093 nan 292
1757096096251 nan 293
1757096096393 nan 294
1757096096579 nan 295
1757096096749 nan 296
1757096096913 nan 297
1757096097069 nan 298
1757096097215 nan 299
1757096097402 nan 300
1757096097538 nan 301
1757096097722 nan 302
1757096097890 nan 303
1757096098044 nan 304
1757096098185 nan 305
1757096098356 nan 306
1757096098563 nan 307
1757096098728 nan 308
1757096098903 nan 309
1757096099138 nan 310
1757096099319 nan 311
1757096099581 nan 312
1757096099728 nan 313
1757096099894 nan 314
1757096100066 nan 315
1757096100238 nan 316
1757096100473 nan 317
1757096100652 nan 318
1757096100905 nan 319
1757096101034 nan 320
1757096101164 nan 321
1757096101303 nan 322
1757096101438 nan 323
1757096101571 nan 324
1757096101721 nan 325
1757096101851 nan 326
1757096101980 nan 327
1757096102112 nan 328
1757096102251 nan 329
1757096102387 nan 330
1757096102518 nan 331
1757096102646 nan 332
1757096102794 nan 333
1757096102924 nan 334
1757096103058 nan 335
1757096103193 nan 336
1757096103332 nan 337
1757096103459 nan 338
1757096103589 nan 339
1757096103743 nan 340
1757096103879 nan 341
1757096104024 nan 342
1757096104169 nan 343
1757096104310 nan 344
1757096104441 nan 345
1757096104575 nan 346
1757096104730 nan 347
1757096104877 nan 348
1757096105010 nan 349
1757096105141 nan 350
1757096105273 nan 351
1757096105563 nan 352
1757096105792 nan 353
1757096105945 nan 354
1757096106084 nan 355
1757096106289 nan 356
1757096106428 nan 357
1757096106561 nan 358
1757096106691 nan 359
1757096106825 nan 360
1757096106957 nan 361
1757096107092 nan 362
1757096107220 nan 363
1757096107355 nan 364
1757096107493 nan 365
1757096107693 nan 366
1757096107833 nan 367
1757096107972 nan 368
1757096108119 nan 369
1757096108253 nan 370
1757096108383 nan 371
1757096108514 nan 372
1757096108735 nan 373
1757096108859 nan 374
1757096109028 nan 375
1757096109160 nan 376
1757096109295 nan 377
1757096109438 nan 378
1757096109579 nan 379
1757096109722 nan 380
1757096109859 nan 381
1757096110003 nan 382
1757096110129 nan 383
1757096110258 nan 384
1757096110387 nan 385
1757096110516 nan 386
1757096110666 nan 387
1757096110799 nan 388
1757096110951 nan 389
1757096111126 nan 390
1757096111287 nan 391
1757096111413 nan 392
1757096111578 nan 393
1757096111706 nan 394
1757096111838 nan 395
1757096111966 nan 396
1757096112100 nan 397
1757096112228 nan 398
1757096112358 nan 399
1757096112485 nan 400
1757096112618 nan 401
1757096112745 nan 402
1757096112875 nan 403
1757096113003 nan 404
1757096113131 nan 405
1757096113265 nan 406
1757096113395 nan 407
1757096113523 nan 408
1757096113655 nan 409
1757096113781 nan 410
1757096113931 nan 411
1757096114064 nan 412
1757096114270 nan 413
1757096114404 nan 414
1757096114548 nan 415
1757096114684 nan 416
1757096114837 nan 417
1757096114984 nan 418
1757096115148 nan 419
1757096115657 nan 420
1757096115904 nan 421
1757096116316 nan 422
1757096116671 nan 423
1757096116877 nan 424
1757096117058 nan 425
1757096117259 nan 426
1757096117423 nan 427
1757096117593 nan 428
1757096117774 nan 429
1757096117929 nan 430
1757096118073 nan 431
1757096118219 nan 432
1757096118356 nan 433
1757096118528 nan 434
1757096118663 nan 435
1757096118796 nan 436
1757096118927 nan 437
1757096119077 nan 438
1757096119206 nan 439
1757096119362 nan 440
1757096119495 nan 441
1757096119621 nan 442
1757096119749 nan 443
1757096119869 nan 444
1757096119995 nan 445
1757096120125 nan 446
1757096120250 nan 447
1757096120374 nan 448
1757096120499 nan 449
1757096120638 nan 450
1757096120768 nan 451
1757096120894 nan 452
1757096121025 nan 453
1757096121157 nan 454
1757096121282 nan 455
1757096121420 nan 456
1757096121570 nan 457
1757096121717 nan 458
1757096121862 nan 459
1757096121991 nan 460
1757096122118 nan 461
1757096122247 nan 462
1757096122420 nan 463
1757096122557 nan 464
1757096122693 nan 465
1757096122911 nan 466
1757096123057 nan 467
1757096123188 nan 468
1757096123327 nan 469
1757096123461 nan 470
1757096123587 nan 471
1757096123749 nan 472
1757096123885 nan 473
1757096124020 nan 474
1757096124163 nan 475
1757096124357 nan 476
1757096124496 nan 477
1757096124635 nan 478
1757096124765 nan 479
1757096124893 nan 480
1757096125019 nan 481
1757096125165 nan 482
1757096125299 nan 483
1757096125426 nan 484
1757096125553 nan 485
1757096125683 nan 486
1757096125813 nan 487
1757096125936 nan 488
1757096126066 nan 489
1757096126198 nan 490
1757096126325 nan 491
1757096126452 nan 492
1757096126579 nan 493
1757096126707 nan 494
1757096126836 nan 495
1757096126973 nan 496
1757096127196 nan 497
1757096127346 nan 498
1757096127479 nan 499
