1757094630108 nan 0
1757094630259 nan 1
1757094630396 nan 2
1757094630563 nan 3
1757094630761 nan 4
1757094630909 nan 5
1757094631048 nan 6
1757094631190 nan 7
1757094631341 nan 8
1757094631489 nan 9
1757094631628 nan 10
1757094631770 nan 11
1757094631909 nan 12
1757094632058 nan 13
1757094632188 nan 14
1757094632321 nan 15
1757094632462 nan 16
1757094632600 nan 17
1757094632736 nan 18
1757094632871 nan 19
1757094633009 nan 20
1757094633146 nan 21
1757094633280 nan 22
1757094633411 nan 23
1757094633546 nan 24
1757094633678 nan 25
1757094633812 nan 26
1757094633944 nan 27
1757094634082 nan 28
1757094634213 nan 29
1757094634344 nan 30
1757094634482 nan 31
1757094634625 nan 32
1757094634762 nan 33
1757094634891 nan 34
1757094635031 nan 35
1757094635220 nan 36
1757094635357 nan 37
1757094635493 nan 38
1757094635672 nan 39
1757094635853 nan 40
1757094636000 nan 41
1757094636145 nan 42
1757094636280 nan 43
1757094636414 nan 44
1757094636550 nan 45
1757094636695 nan 46
1757094636936 nan 47
1757094637082 nan 48
1757094637221 nan 49
1757094637354 nan 50
1757094637497 nan 51
1757094637628 nan 52
1757094637769 nan 53
1757094637919 nan 54
1757094638056 nan 55
1757094638197 nan 56
1757094638337 nan 57
1757094638482 nan 58
1757094638624 nan 59
1757094638751 nan 60
1757094638891 nan 61
1757094639027 nan 62
1757094639160 nan 63
1757094639301 nan 64
1757094639486 nan 65
1757094639695 nan 66
1757094639865 nan 67
1757094640015 nan 68
1757094640162 nan 69
1757094640293 nan 70
1757094640441 nan 71
1757094640585 nan 72
1757094640718 nan 73
1757094640859 nan 74
1757094640992 nan 75
1757094641132 nan 76
1757094641277 nan 77
1757094641418 nan 78
1757094641552 nan 79
1757094641692 nan 80
1757094641856 nan 81
1757094642014 nan 82
1757094642183 nan 83
1757094642351 nan 84
1757094642536 nan 85
1757094642680 nan 86
1757094642812 nan 87
1757094642951 nan 88
1757094643101 nan 89
1757094643240 nan 90
1757094643380 nan 91
1757094643517 nan 92
1757094643653 nan 93
1757094643787 nan 94
1757094643929 nan 95
1757094644086 nan 96
1757094644265 nan 97
1757094644400 nan 98
1757094644544 nan 99
1757094644686 nan 100
1757094644834 nan 101
1757094645000 nan 102
1757094645141 nan 103
1757094645299 nan 104
1757094645442 nan 105
1757094645593 nan 106
1757094645789 nan 107
1757094645956 nan 108
1757094646117 nan 109
1757094646282 nan 110
1757094646447 nan 111
1757094646582 nan 112
1757094646715 nan 113
1757094646846 nan 114
1757094646974 nan 115
1757094647110 nan 116
1757094647250 nan 117
1757094647383 nan 118
1757094647513 nan 119
1757094647663 nan 120
1757094647795 nan 121
1757094647917 nan 122
1757094648060 nan 123
1757094648197 nan 124
1757094648337 nan 125
1757094648471 nan 126
1757094648618 nan 127
1757094648762 nan 128
1757094648899 nan 129
1757094649037 nan 130
1757094649174 nan 131
1757094649315 nan 132
1757094649444 nan 133
1757094649578 nan 134
1757094649720 nan 135
1757094649868 nan 136
1757094649995 nan 137
1757094650123 nan 138
1757094650260 nan 139
1757094650390 nan 140
1757094650531 nan 141
1757094650663 nan 142
1757094650798 nan 143
1757094650926 nan 144
1757094651058 nan 145
1757094651196 nan 146
1757094651338 nan 147
1757094651468 nan 148
1757094651595 nan 149
1757094651726 nan 150
1757094651870 nan 151
1757094651999 nan 152
1757094652134 nan 153
1757094652274 nan 154
1757094652410 nan 155
1757094652543 nan 156
1757094652683 nan 157
1757094652814 nan 158
1757094652943 nan 159
1757094653072 nan 160
1757094653225 nan 161
1757094653379 nan 162
1757094653509 nan 163
1757094653639 nan 164
1757094653774 nan 165
1757094653911 nan 166
1757094654131 nan 167
1757094654256 nan 168
1757094654408 nan 169
1757094654554 nan 170
1757094654696 nan 171
1757094654831 nan 172
1757094654970 nan 173
1757094655108 nan 174
1757094655241 nan 175
1757094655387 nan 176
1757094655524 nan 177
1757094655655 nan 178
1757094655791 nan 179
1757094655921 nan 180
1757094656051 nan 181
1757094656186 nan 182
1757094656319 nan 183
1757094656474 nan 184
1757094656607 nan 185
1757094656741 nan 186
1757094656871 nan 187
1757094657011 nan 188
1757094657148 nan 189
1757094657291 nan 190
1757094657434 nan 191
1757094657591 nan 192
1757094657732 nan 193
1757094657877 nan 194
1757094658019 nan 195
1757094658159 nan 196
1757094658300 nan 197
1757094658445 nan 198
1757094658585 nan 199
1757094658731 nan 200
1757094658878 nan 201
1757094659030 nan 202
1757094659170 nan 203
1757094659306 nan 204
1757094659445 nan 205
1757094659584 nan 206
1757094659721 nan 207
1757094659855 nan 208
1757094659999 nan 209
1757094660142 nan 210
1757094660275 nan 211
1757094660413 nan 212
1757094660541 nan 213
1757094660680 nan 214
1757094660813 nan 215
1757094660957 nan 216
1757094661101 nan 217
1757094661236 nan 218
1757094661367 nan 219
1757094661499 nan 220
1757094661632 nan 221
1757094661775 nan 222
1757094661912 nan 223
1757094662046 nan 224
1757094662182 nan 225
1757094662310 nan 226
1757094662447 nan 227
1757094662579 nan 228
1757094662722 nan 229
1757094662977 nan 230
1757094663107 nan 231
1757094663243 nan 232
1757094663379 nan 233
1757094663512 nan 234
1757094663647 nan 235
1757094663781 nan 236
1757094663913 nan 237
1757094664045 nan 238
1757094664185 nan 239
1757094664325 nan 240
1757094664468 nan 241
1757094664606 nan 242
1757094664744 nan 243
1757094664879 nan 244
1757094665012 nan 245
1757094665149 nan 246
1757094665290 nan 247
1757094665433 nan 248
1757094665572 nan 249
1757094665737 nan 250
1757094665871 nan 251
1757094666005 nan 252
1757094666141 nan 253
1757094666324 nan 254
1757094666475 nan 255
1757094666614 nan 256
1757094666750 nan 257
1757094666885 nan 258
1757094667016 nan 259
1757094667157 nan 260
1757094667288 nan 261
1757094667437 nan 262
1757094667567 nan 263
1757094667695 nan 264
1757094667835 nan 265
1757094667966 nan 266
1757094668102 nan 267
1757094668239 nan 268
1757094668380 nan 269
1757094668522 nan 270
1757094668661 nan 271
1757094668805 nan 272
1757094668940 nan 273
1757094669071 nan 274
1757094669214 nan 275
1757094669344 nan 276
1757094669481 nan 277
1757094669622 nan 278
1757094669759 nan 279
1757094669897 nan 280
1757094670035 nan 281
1757094670178 nan 282
1757094670317 nan 283
1757094670443 nan 284
1757094670579 nan 285
1757094670712 nan 286
1757094670850 nan 287
1757094671030 nan 288
1757094671187 nan 289
1757094671320 nan 290
1757094671450 nan 291
1757094671577 nan 292
1757094671708 nan 293
1757094671839 nan 294
1757094671969 nan 295
1757094672113 nan 296
1757094672258 nan 297
1757094672420 nan 298
1757094672558 nan 299
1757094672824 nan 300
1757094672968 nan 301
1757094673103 nan 302
1757094673249 nan 303
1757094673393 nan 304
1757094673533 nan 305
1757094673688 nan 306
1757094673817 nan 307
1757094673950 nan 308
1757094674088 nan 309
1757094674224 nan 310
1757094674353 nan 311
1757094674487 nan 312
1757094674624 nan 313
1757094674762 nan 314
1757094674893 nan 315
1757094675029 nan 316
1757094675156 nan 317
1757094675295 nan 318
1757094675439 nan 319
1757094675582 nan 320
1757094675725 nan 321
1757094675866 nan 322
1757094676008 nan 323
1757094676148 nan 324
1757094676287 nan 325
1757094676429 nan 326
1757094676563 nan 327
1757094676709 nan 328
1757094676852 nan 329
1757094676991 nan 330
1757094677122 nan 331
1757094677257 nan 332
1757094677401 nan 333
1757094677558 nan 334
1757094677686 nan 335
1757094677823 nan 336
1757094677967 nan 337
1757094678104 nan 338
1757094678246 nan 339
1757094678385 nan 340
1757094678517 nan 341
1757094678655 nan 342
1757094678808 nan 343
1757094678946 nan 344
1757094679081 nan 345
1757094679216 nan 346
1757094679352 nan 347
1757094679640 nan 348
1757094679745 nan 349
1757094679877 nan 350
1757094680015 nan 351
1757094680152 nan 352
1757094680290 nan 353
1757094680422 nan 354
1757094680556 nan 355
1757094680687 nan 356
1757094680828 nan 357
1757094680968 nan 358
1757094681107 nan 359
1757094681256 nan 360
1757094681395 nan 361
1757094681535 nan 362
1757094681671 nan 363
1757094681836 nan 364
1757094681968 nan 365
1757094682096 nan 366
1757094682237 nan 367
1757094682444 nan 368
1757094682597 nan 369
1757094682732 nan 370
1757094682862 nan 371
1757094682990 nan 372
1757094683121 nan 373
1757094683255 nan 374
1757094683389 nan 375
1757094683533 nan 376
1757094683684 nan 377
1757094683831 nan 378
1757094683961 nan 379
1757094684129 nan 380
1757094684297 nan 381
1757094684472 nan 382
1757094684618 nan 383
1757094684780 nan 384
1757094684945 nan 385
1757094685082 nan 386
1757094685230 nan 387
1757094685378 nan 388
1757094685529 nan 389
1757094685674 nan 390
1757094685937 nan 391
1757094686204 nan 392
1757094686383 nan 393
1757094686536 nan 394
1757094686688 nan 395
1757094686863 nan 396
1757094687099 nan 397
1757094687261 nan 398
1757094687420 nan 399
1757094687580 nan 400
1757094687728 nan 401
1757094687874 nan 402
1757094688061 nan 403
1757094688218 nan 404
1757094688368 nan 405
1757094688504 nan 406
1757094688640 nan 407
1757094688810 nan 408
1757094688952 nan 409
1757094689145 nan 410
1757094689298 nan 411
1757094689448 nan 412
1757094689670 nan 413
1757094689800 nan 414
1757094689934 nan 415
1757094690138 nan 416
1757094690316 nan 417
1757094690461 nan 418
1757094690609 nan 419
1757094690739 nan 420
1757094690866 nan 421
1757094691001 nan 422
1757094691149 nan 423
1757094691292 nan 424
1757094691427 nan 425
1757094691568 nan 426
1757094691717 nan 427
1757094691850 nan 428
1757094692028 nan 429
1757094692160 nan 430
1757094692299 nan 431
1757094692454 nan 432
1757094692595 nan 433
1757094692740 nan 434
1757094692882 nan 435
1757094693029 nan 436
1757094693167 nan 437
1757094693349 nan 438
1757094693511 nan 439
1757094693726 nan 440
1757094693866 nan 441
1757094694045 nan 442
1757094694228 nan 443
1757094694374 nan 444
1757094694512 nan 445
1757094694650 nan 446
1757094694786 nan 447
1757094694952 nan 448
1757094695093 nan 449
1757094695240 nan 450
1757094695428 nan 451
1757094695589 nan 452
1757094695732 nan 453
1757094695968 nan 454
1757094696129 nan 455
1757094696279 nan 456
1757094696442 nan 457
1757094696592 nan 458
1757094696771 nan 459
1757094696925 nan 460
1757094697074 nan 461
1757094697213 nan 462
1757094697375 nan 463
1757094697530 nan 464
1757094697726 nan 465
1757094697882 nan 466
1757094698042 nan 467
1757094698219 nan 468
1757094698355 nan 469
1757094698498 nan 470
1757094698629 nan 471
1757094698804 nan 472
1757094698987 nan 473
1757094699142 nan 474
1757094699281 nan 475
1757094699424 nan 476
1757094699579 nan 477
1757094699862 nan 478
1757094700026 nan 479
1757094700192 nan 480
1757094700331 nan 481
1757094700495 nan 482
1757094700663 nan 483
1757094700874 nan 484
1757094701009 nan 485
1757094701151 nan 486
1757094701315 nan 487
1757094701456 nan 488
1757094701596 nan 489
1757094701741 nan 490
1757094701875 nan 491
1757094702011 nan 492
1757094702230 nan 493
1757094702418 nan 494
1757094702586 nan 495
1757094702744 nan 496
1757094702895 nan 497
1757094703057 nan 498
1757094703204 nan 499
