1757091931146 26411.119088879164 0
1757091931271 21441.37730095379 1
1757091931387 17800.696763151904 2
1757091931509 15007.596217474695 3
1757091931629 12813.286302611838 4
1757091931750 11067.474753291553 5
1757091931874 9667.933185826822 6
1757091931994 8539.929045298642 7
1757091932112 7626.694794559429 8
1757091932232 6884.263034113626 9
1757091932356 6278.233977632034 10
1757091932470 5781.536192873086 11
1757091932587 5372.781217086845 12
1757091932707 5035.016831373048 13
1757091932819 4754.76771766294 14
1757091932945 4521.291381116644 15
1757091933067 4325.9984824127505 16
1757091933191 4161.9999793478955 17
1757091933306 4023.7525886236735 18
1757091933426 3906.7807129253206 19
1757091933536 3807.4579590634794 20
1757091933652 3722.83517140191 21
1757091933765 3650.5048253988166 22
1757091933884 3588.493881797149 23
1757091934005 3535.1789488340314 24
1757091934123 3489.2189549912814 25
1757091934247 3449.5015874727887 26
1757091934362 3415.1005701550566 27
1757091934600 3385.2414918689856 28
1757091934713 3359.274392185873 29
1757091934833 3336.651698841885 30
1757091934951 3316.9104128962063 31
1757091935071 3299.6576735601006 32
1757091935182 3284.5590190088255 33
1757091935303 3271.3288037733473 34
1757091935414 3259.722346344373 35
1757091935530 3249.5294692813304 36
1757091935654 3240.569163750173 37
1757091935772 3232.685165178441 38
1757091935914 3225.7422698552077 39
1757091936038 3219.6232563429467 40
1757091936149 3214.226302477627 41
1757091936268 3209.4628100491836 42
1757091936382 3205.2555661765646 43
1757091936508 3201.537183857758 44
1757091936629 3198.2487749186826 45
1757091936814 3195.3388171796964 46
1757091936934 3192.7621845547756 47
1757091937046 3190.479314348919 48
1757091937160 3188.455490501536 49
1757091937277 3186.6602251554605 50
1757091937400 3185.0667238847955 51
1757091937510 3183.651422325573 52
1757091937628 3182.3935839285214 53
1757091937743 3181.2749501780336 54
1757091937864 3180.279435963147 55
1757091937980 3179.3928638986995 56
1757091938093 3178.602732320709 57
1757091938208 3177.8980124535638 58
1757091938326 3177.2689708955113 59
1757091938443 3176.7070141151626 60
1757091938566 3176.2045521132573 61
1757091938683 3175.754878795249 62
1757091938803 3175.352066933071 63
1757091938911 3174.9908758784763 64
1757091939024 3174.6666704333425 65
1757091939139 3174.3753494909383 66
1757091939259 3174.1132832415224 67
1757091939378 3173.8772578904095 68
1757091939492 3173.6644269703706 69
1757091939599 3173.4722684460103 70
1757091939711 3173.2985469082905 71
1757091939821 3173.1412802446607 72
1757091939934 3172.998710246267 73
1757091940039 3172.8692766799677 74
1757091940149 3172.751594410703 75
1757091940263 3172.6444332102556 76
1757091940389 3172.54669993267 77
1757091940507 3172.457422775217 78
