1757096961002 nan 0
1757096961209 nan 1
1757096961410 nan 2
1757096961603 nan 3
1757096961821 nan 4
1757096962050 nan 5
1757096962270 nan 6
1757096962614 nan 7
1757096962852 nan 8
1757096963065 nan 9
1757096963264 nan 10
1757096963470 nan 11
1757096963679 nan 12
1757096963867 nan 13
1757096964127 nan 14
1757096964344 nan 15
1757096964586 nan 16
1757096964787 nan 17
1757096964986 nan 18
1757096965214 nan 19
1757096965406 nan 20
1757096965621 nan 21
1757096965828 nan 22
1757096966030 nan 23
1757096966236 nan 24
1757096966443 nan 25
1757096966673 nan 26
1757096966906 nan 27
1757096967107 nan 28
1757096967310 nan 29
1757096967503 nan 30
1757096967701 nan 31
1757096967886 nan 32
1757096968106 nan 33
1757096968372 nan 34
1757096968578 nan 35
1757096968772 nan 36
1757096969372 nan 37
1757096969639 nan 38
1757096969920 nan 39
1757096970188 nan 40
1757096970390 nan 41
1757096970588 nan 42
1757096970805 nan 43
1757096971043 nan 44
1757096971250 nan 45
1757096971726 nan 46
1757096971916 nan 47
1757096972149 nan 48
1757096972336 nan 49
1757096972522 nan 50
1757096972738 nan 51
1757096972955 nan 52
1757096973189 nan 53
1757096973391 nan 54
1757096973620 nan 55
1757096973843 nan 56
1757096974036 nan 57
1757096974282 nan 58
1757096974573 nan 59
1757096974782 nan 60
1757096975004 nan 61
1757096975311 nan 62
1757096975521 nan 63
1757096975728 nan 64
1757096976146 nan 65
1757096976455 nan 66
1757096976669 nan 67
1757096976908 nan 68
1757096977100 nan 69
1757096977301 nan 70
1757096977541 nan 71
1757096977772 nan 72
1757096977987 nan 73
1757096978182 nan 74
1757096978383 nan 75
1757096978599 nan 76
1757096978835 nan 77
1757096979019 nan 78
1757096979220 nan 79
1757096979487 nan 80
1757096979767 nan 81
1757096980000 nan 82
1757096980201 nan 83
1757096980408 nan 84
1757096980656 nan 85
1757096980851 nan 86
1757096981067 nan 87
1757096981300 nan 88
1757096981486 nan 89
1757096981764 nan 90
1757096981999 nan 91
1757096982304 nan 92
1757096982583 nan 93
1757096982807 nan 94
1757096982987 nan 95
1757096983245 nan 96
1757096983453 nan 97
1757096983684 nan 98
1757096983914 nan 99
1757096984143 nan 100
1757096984385 nan 101
1757096984653 nan 102
1757096984881 nan 103
1757096985102 nan 104
1757096985317 nan 105
1757096985523 nan 106
1757096985747 nan 107
1757096986023 nan 108
1757096986237 nan 109
1757096986486 nan 110
1757096986749 nan 111
1757096987052 nan 112
1757096987308 nan 113
1757096987543 nan 114
1757096987772 nan 115
1757096988060 nan 116
1757096988304 nan 117
1757096988529 nan 118
1757096988722 nan 119
1757096988936 nan 120
1757096989379 nan 121
1757096989606 nan 122
1757096989974 nan 123
1757096990222 nan 124
1757096990439 nan 125
1757096990652 nan 126
1757096990852 nan 127
1757096991054 nan 128
1757096991272 nan 129
1757096991520 nan 130
1757096991736 nan 131
1757096991988 nan 132
1757096992295 nan 133
1757096992521 nan 134
1757096992736 nan 135
1757096992966 nan 136
1757096993230 nan 137
1757096993471 nan 138
1757096993722 nan 139
1757096993955 nan 140
1757096994199 nan 141
1757096994464 nan 142
1757096994720 nan 143
1757096994987 nan 144
1757096995228 nan 145
1757096995468 nan 146
1757096995723 nan 147
1757096995990 nan 148
1757096996217 nan 149
1757096996450 nan 150
1757096996658 nan 151
1757096996879 nan 152
1757096997107 nan 153
1757096997386 nan 154
1757096997627 nan 155
1757096998081 nan 156
1757096998261 nan 157
1757096998572 nan 158
1757096998806 nan 159
1757096999154 nan 160
1757096999388 nan 161
1757096999656 nan 162
1757096999939 nan 163
1757097000260 nan 164
1757097000483 nan 165
1757097000755 nan 166
1757097001003 nan 167
1757097001238 nan 168
1757097001477 nan 169
1757097001722 nan 170
1757097001992 nan 171
1757097002173 nan 172
1757097002455 nan 173
1757097002657 nan 174
1757097002913 nan 175
1757097003124 nan 176
1757097003337 nan 177
1757097003553 nan 178
1757097003748 nan 179
1757097003970 nan 180
1757097004220 nan 181
1757097004452 nan 182
1757097004681 nan 183
1757097004854 nan 184
1757097005116 nan 185
1757097005389 nan 186
1757097005640 nan 187
1757097005853 nan 188
1757097006071 nan 189
1757097006268 nan 190
1757097006498 nan 191
1757097006706 nan 192
1757097006933 nan 193
1757097007181 nan 194
1757097007440 nan 195
1757097007668 nan 196
1757097007868 nan 197
1757097008118 nan 198
1757097008304 nan 199
1757097008506 nan 200
1757097008738 nan 201
1757097008937 nan 202
1757097009190 nan 203
1757097009391 nan 204
1757097009687 nan 205
1757097009890 nan 206
1757097010117 nan 207
1757097010341 nan 208
1757097010569 nan 209
1757097010761 nan 210
1757097010972 nan 211
1757097011185 nan 212
1757097011406 nan 213
1757097011590 nan 214
1757097011806 nan 215
1757097012002 nan 216
1757097012223 nan 217
1757097012430 nan 218
1757097012642 nan 219
1757097012870 nan 220
1757097013149 nan 221
1757097013406 nan 222
1757097013656 nan 223
1757097013866 nan 224
1757097014152 nan 225
1757097014400 nan 226
1757097014602 nan 227
1757097014783 nan 228
1757097015053 nan 229
1757097015271 nan 230
1757097015534 nan 231
1757097015734 nan 232
1757097015937 nan 233
1757097016156 nan 234
1757097016356 nan 235
1757097016555 nan 236
1757097016791 nan 237
1757097017067 nan 238
1757097017268 nan 239
1757097017470 nan 240
1757097017701 nan 241
1757097017873 nan 242
1757097018091 nan 243
1757097018305 nan 244
1757097018490 nan 245
1757097018671 nan 246
1757097018874 nan 247
1757097019098 nan 248
1757097019304 nan 249
1757097019519 nan 250
1757097019738 nan 251
1757097019908 nan 252
1757097020108 nan 253
1757097020442 nan 254
1757097020622 nan 255
1757097020857 nan 256
1757097021112 nan 257
1757097021322 nan 258
1757097021556 nan 259
1757097021743 nan 260
1757097021964 nan 261
1757097022173 nan 262
1757097022372 nan 263
1757097022580 nan 264
1757097022771 nan 265
1757097022967 nan 266
1757097023168 nan 267
1757097023352 nan 268
1757097023538 nan 269
1757097023741 nan 270
1757097023935 nan 271
1757097024121 nan 272
1757097024354 nan 273
1757097024564 nan 274
1757097024790 nan 275
1757097024993 nan 276
1757097025215 nan 277
1757097025400 nan 278
1757097025571 nan 279
1757097025759 nan 280
1757097025987 nan 281
1757097026256 nan 282
1757097026472 nan 283
1757097026720 nan 284
1757097026964 nan 285
1757097027170 nan 286
1757097027365 nan 287
1757097027592 nan 288
1757097027844 nan 289
1757097028112 nan 290
1757097028326 nan 291
1757097028585 nan 292
1757097028809 nan 293
1757097029019 nan 294
1757097029273 nan 295
1757097029528 nan 296
1757097029718 nan 297
1757097029922 nan 298
1757097030170 nan 299
1757097030393 nan 300
1757097030598 nan 301
1757097030805 nan 302
1757097031075 nan 303
1757097031355 nan 304
1757097031574 nan 305
1757097031825 nan 306
1757097032055 nan 307
1757097032279 nan 308
1757097032568 nan 309
1757097032833 nan 310
1757097033053 nan 311
1757097033308 nan 312
1757097033527 nan 313
1757097033781 nan 314
1757097034048 nan 315
1757097034316 nan 316
1757097034576 nan 317
1757097034825 nan 318
1757097035058 nan 319
1757097035258 nan 320
1757097035507 nan 321
1757097035764 nan 322
1757097036006 nan 323
1757097036255 nan 324
1757097036483 nan 325
1757097036717 nan 326
1757097036949 nan 327
1757097037126 nan 328
1757097037377 nan 329
1757097037590 nan 330
1757097037827 nan 331
1757097038016 nan 332
1757097038373 nan 333
1757097038852 nan 334
1757097039107 nan 335
1757097039424 nan 336
1757097039983 nan 337
1757097040190 nan 338
1757097040472 nan 339
1757097040762 nan 340
1757097041090 nan 341
1757097041410 nan 342
1757097041607 nan 343
1757097041902 nan 344
1757097042109 nan 345
1757097042325 nan 346
1757097042677 nan 347
1757097042916 nan 348
1757097043133 nan 349
1757097043368 nan 350
1757097043686 nan 351
1757097043920 nan 352
1757097044155 nan 353
1757097044457 nan 354
1757097044720 nan 355
1757097045001 nan 356
1757097045267 nan 357
1757097045664 nan 358
1757097046084 nan 359
1757097046449 nan 360
1757097046712 nan 361
1757097047103 nan 362
1757097047382 nan 363
1757097047596 nan 364
1757097047809 nan 365
1757097048110 nan 366
1757097048255 nan 367
1757097048593 nan 368
1757097048912 nan 369
1757097049098 nan 370
1757097049535 nan 371
1757097049843 nan 372
1757097050238 nan 373
1757097050435 nan 374
1757097050684 nan 375
1757097050917 nan 376
1757097051180 nan 377
1757097051551 nan 378
1757097051808 nan 379
1757097052174 nan 380
1757097052553 nan 381
1757097052841 nan 382
1757097053040 nan 383
1757097053368 nan 384
1757097053934 nan 385
1757097054299 nan 386
1757097054592 nan 387
1757097054755 nan 388
1757097055004 nan 389
1757097055240 nan 390
1757097055475 nan 391
1757097055743 nan 392
1757097056110 nan 393
1757097056367 nan 394
1757097056621 nan 395
1757097056838 nan 396
1757097057036 nan 397
1757097057258 nan 398
1757097057545 nan 399
1757097057744 nan 400
1757097057908 nan 401
1757097058115 nan 402
1757097058411 nan 403
1757097058592 nan 404
1757097058795 nan 405
1757097059025 nan 406
1757097059252 nan 407
1757097059584 nan 408
1757097059884 nan 409
1757097060126 nan 410
1757097060338 nan 411
1757097060527 nan 412
1757097060759 nan 413
1757097061043 nan 414
1757097061361 nan 415
1757097061646 nan 416
1757097061851 nan 417
1757097062026 nan 418
1757097062288 nan 419
1757097062534 nan 420
1757097062753 nan 421
1757097062941 nan 422
1757097063184 nan 423
1757097063380 nan 424
1757097063605 nan 425
1757097063837 nan 426
1757097064078 nan 427
1757097064476 nan 428
1757097064848 nan 429
1757097065100 nan 430
1757097065346 nan 431
1757097065594 nan 432
1757097065870 nan 433
1757097066113 nan 434
1757097066322 nan 435
1757097066593 nan 436
1757097067004 nan 437
1757097067237 nan 438
1757097067492 nan 439
1757097067684 nan 440
1757097067909 nan 441
1757097068291 nan 442
1757097068618 nan 443
1757097068774 nan 444
1757097069123 nan 445
1757097069341 nan 446
1757097069790 nan 447
1757097070040 nan 448
1757097070229 nan 449
1757097070462 nan 450
1757097070689 nan 451
1757097070929 nan 452
1757097071220 nan 453
1757097071392 nan 454
1757097071586 nan 455
1757097071802 nan 456
1757097071994 nan 457
1757097072186 nan 458
1757097072402 nan 459
1757097072652 nan 460
1757097072936 nan 461
1757097073241 nan 462
1757097073425 nan 463
1757097073655 nan 464
1757097073856 nan 465
1757097074138 nan 466
1757097074388 nan 467
1757097074687 nan 468
1757097074901 nan 469
1757097075256 nan 470
1757097075496 nan 471
1757097075731 nan 472
1757097076102 nan 473
1757097076279 nan 474
1757097076500 nan 475
1757097076746 nan 476
1757097076941 nan 477
1757097077204 nan 478
1757097077459 nan 479
1757097077683 nan 480
1757097077922 nan 481
1757097078142 nan 482
1757097078392 nan 483
1757097078611 nan 484
1757097078835 nan 485
1757097079123 nan 486
1757097079423 nan 487
1757097079725 nan 488
1757097079957 nan 489
1757097080172 nan 490
1757097080424 nan 491
1757097080628 nan 492
1757097080905 nan 493
1757097081234 nan 494
1757097081483 nan 495
1757097081760 nan 496
1757097082040 nan 497
1757097082325 nan 498
1757097082591 nan 499
