1757092654280 nan 0
1757092654419 nan 1
1757092654557 nan 2
1757092654688 nan 3
1757092654801 nan 4
1757092654915 nan 5
1757092655029 nan 6
1757092655142 nan 7
1757092655252 nan 8
1757092655369 nan 9
1757092655481 nan 10
1757092655599 nan 11
1757092655721 nan 12
1757092655833 nan 13
1757092655947 nan 14
1757092656062 nan 15
1757092656175 nan 16
1757092656288 nan 17
1757092656400 nan 18
1757092656517 nan 19
1757092656642 nan 20
1757092656752 nan 21
1757092656864 nan 22
1757092656982 nan 23
1757092657095 nan 24
1757092657211 nan 25
1757092657325 nan 26
1757092657443 nan 27
1757092657567 nan 28
1757092657681 nan 29
1757092657793 nan 30
1757092657904 nan 31
1757092658017 nan 32
1757092658126 nan 33
1757092658240 nan 34
1757092658357 nan 35
1757092658469 nan 36
1757092658604 nan 37
1757092658725 nan 38
1757092658838 nan 39
1757092658953 nan 40
1757092659067 nan 41
1757092659264 nan 42
1757092659423 nan 43
1757092659563 nan 44
1757092659719 nan 45
1757092659830 nan 46
1757092659941 nan 47
1757092660054 nan 48
1757092660168 nan 49
1757092660283 nan 50
1757092660400 nan 51
1757092660523 nan 52
1757092660639 nan 53
1757092660759 nan 54
1757092660877 nan 55
1757092660993 nan 56
1757092661114 nan 57
1757092661242 nan 58
1757092661361 nan 59
1757092661482 nan 60
1757092661608 nan 61
1757092661737 nan 62
1757092661852 nan 63
1757092661969 nan 64
1757092662093 nan 65
1757092662238 nan 66
1757092662361 nan 67
1757092662483 nan 68
1757092662619 nan 69
1757092662743 nan 70
1757092662877 nan 71
1757092662997 nan 72
1757092663127 nan 73
1757092663253 nan 74
1757092663371 nan 75
1757092663490 nan 76
1757092663618 nan 77
1757092663731 nan 78
1757092663851 nan 79
1757092663971 nan 80
1757092664088 nan 81
1757092664205 nan 82
1757092664327 nan 83
1757092664443 nan 84
1757092664563 nan 85
1757092664689 nan 86
1757092664809 nan 87
1757092664929 nan 88
1757092665042 nan 89
1757092665158 nan 90
1757092665272 nan 91
1757092665392 nan 92
1757092665512 nan 93
1757092665634 nan 94
1757092665750 nan 95
1757092665863 nan 96
1757092665980 nan 97
1757092666095 nan 98
1757092666218 nan 99
1757092666334 nan 100
1757092666456 nan 101
1757092666588 nan 102
1757092666708 nan 103
1757092666824 nan 104
1757092666942 nan 105
1757092667058 nan 106
1757092667177 nan 107
1757092667295 nan 108
1757092667411 nan 109
1757092667531 nan 110
1757092667646 nan 111
1757092667766 nan 112
1757092667882 nan 113
1757092668002 nan 114
1757092668180 nan 115
1757092668308 nan 116
1757092668421 nan 117
1757092668537 nan 118
1757092668657 nan 119
1757092668778 nan 120
1757092668901 nan 121
1757092669031 nan 122
1757092669146 nan 123
1757092669269 nan 124
1757092669386 nan 125
1757092669507 nan 126
1757092669632 nan 127
1757092669753 nan 128
1757092669871 nan 129
1757092669992 nan 130
1757092670109 nan 131
1757092670225 nan 132
1757092670345 nan 133
1757092670462 nan 134
1757092670573 nan 135
1757092670688 nan 136
1757092670806 nan 137
1757092670922 nan 138
1757092671039 nan 139
1757092671155 nan 140
1757092671272 nan 141
1757092671389 nan 142
1757092671508 nan 143
1757092671617 nan 144
1757092671733 nan 145
1757092671848 nan 146
1757092671965 nan 147
1757092672083 nan 148
1757092672195 nan 149
1757092672310 nan 150
1757092672423 nan 151
1757092672542 nan 152
1757092672658 nan 153
1757092672780 nan 154
1757092672899 nan 155
1757092673014 nan 156
1757092673128 nan 157
1757092673245 nan 158
1757092673364 nan 159
1757092673483 nan 160
1757092673597 nan 161
1757092673712 nan 162
1757092673829 nan 163
1757092673945 nan 164
1757092674063 nan 165
1757092674180 nan 166
1757092674298 nan 167
1757092674418 nan 168
1757092674537 nan 169
1757092674653 nan 170
1757092674770 nan 171
1757092674888 nan 172
1757092675007 nan 173
1757092675197 nan 174
1757092675313 nan 175
1757092675430 nan 176
1757092675550 nan 177
1757092675673 nan 178
1757092675790 nan 179
1757092675912 nan 180
1757092676033 nan 181
1757092676152 nan 182
1757092676272 nan 183
1757092676390 nan 184
1757092676512 nan 185
1757092676631 nan 186
1757092676753 nan 187
1757092676872 nan 188
1757092676996 nan 189
1757092677128 nan 190
1757092677250 nan 191
1757092677371 nan 192
1757092677499 nan 193
1757092677626 nan 194
1757092677907 nan 195
1757092678240 nan 196
1757092678417 nan 197
1757092678700 nan 198
1757092678850 nan 199
1757092678971 nan 200
1757092679109 nan 201
1757092679239 nan 202
1757092679445 nan 203
1757092679671 nan 204
1757092679823 nan 205
1757092680078 nan 206
1757092680371 nan 207
1757092680521 nan 208
1757092680682 nan 209
1757092680810 nan 210
1757092680936 nan 211
1757092681061 nan 212
1757092681189 nan 213
1757092681309 nan 214
1757092681449 nan 215
1757092681579 nan 216
1757092681707 nan 217
1757092681847 nan 218
1757092681978 nan 219
1757092682103 nan 220
1757092682232 nan 221
1757092682364 nan 222
1757092682484 nan 223
1757092682604 nan 224
1757092682729 nan 225
1757092682853 nan 226
1757092682976 nan 227
1757092683095 nan 228
1757092683213 nan 229
1757092683335 nan 230
1757092683523 nan 231
1757092683643 nan 232
1757092683762 nan 233
1757092683892 nan 234
1757092684013 nan 235
1757092684132 nan 236
1757092684262 nan 237
1757092684384 nan 238
1757092684501 nan 239
1757092684620 nan 240
1757092684743 nan 241
1757092684868 nan 242
1757092684991 nan 243
1757092685198 nan 244
1757092685321 nan 245
1757092685451 nan 246
1757092685591 nan 247
1757092685762 nan 248
1757092685888 nan 249
1757092686011 nan 250
1757092686139 nan 251
1757092686264 nan 252
1757092686399 nan 253
1757092686516 nan 254
1757092686637 nan 255
1757092686788 nan 256
1757092686912 nan 257
1757092687031 nan 258
1757092687153 nan 259
1757092687284 nan 260
1757092687437 nan 261
1757092687562 nan 262
1757092687689 nan 263
1757092687824 nan 264
1757092687992 nan 265
1757092688160 nan 266
1757092688287 nan 267
1757092688416 nan 268
1757092688584 nan 269
1757092688715 nan 270
1757092688873 nan 271
1757092689017 nan 272
1757092689143 nan 273
1757092689268 nan 274
1757092689391 nan 275
1757092689520 nan 276
1757092689642 nan 277
1757092689765 nan 278
1757092689899 nan 279
1757092690115 nan 280
1757092690274 nan 281
1757092690403 nan 282
1757092690542 nan 283
1757092690672 nan 284
1757092690805 nan 285
1757092690938 nan 286
1757092691114 nan 287
1757092691259 nan 288
1757092691382 nan 289
1757092691507 nan 290
1757092691628 nan 291
1757092691751 nan 292
1757092691874 nan 293
1757092691997 nan 294
1757092692132 nan 295
1757092692257 nan 296
1757092692378 nan 297
1757092692503 nan 298
1757092692636 nan 299
1757092692766 nan 300
1757092692896 nan 301
1757092693021 nan 302
1757092693170 nan 303
1757092693342 nan 304
1757092693476 nan 305
1757092693601 nan 306
1757092693727 nan 307
1757092693851 nan 308
1757092693986 nan 309
1757092694110 nan 310
1757092694227 nan 311
1757092694346 nan 312
1757092694471 nan 313
1757092694588 nan 314
1757092694705 nan 315
1757092694823 nan 316
1757092694942 nan 317
1757092695058 nan 318
1757092695179 nan 319
1757092695298 nan 320
1757092695418 nan 321
1757092695540 nan 322
1757092695666 nan 323
1757092695787 nan 324
1757092695910 nan 325
1757092696031 nan 326
1757092696149 nan 327
1757092696276 nan 328
1757092696394 nan 329
1757092696537 nan 330
1757092696658 nan 331
1757092696777 nan 332
1757092696896 nan 333
1757092697012 nan 334
1757092697131 nan 335
1757092697252 nan 336
1757092697384 nan 337
1757092697506 nan 338
1757092697625 nan 339
1757092697745 nan 340
1757092697865 nan 341
1757092697987 nan 342
1757092698114 nan 343
1757092698235 nan 344
1757092698416 nan 345
1757092698538 nan 346
1757092698684 nan 347
1757092698811 nan 348
1757092698944 nan 349
1757092699069 nan 350
1757092699198 nan 351
1757092699323 nan 352
1757092699448 nan 353
1757092699571 nan 354
1757092699693 nan 355
1757092699820 nan 356
1757092699944 nan 357
1757092700063 nan 358
1757092700183 nan 359
1757092700311 nan 360
1757092700432 nan 361
1757092700554 nan 362
1757092700678 nan 363
1757092700799 nan 364
1757092700921 nan 365
1757092701039 nan 366
1757092701159 nan 367
1757092701278 nan 368
1757092701400 nan 369
1757092701533 nan 370
1757092701657 nan 371
1757092701776 nan 372
1757092701895 nan 373
1757092702016 nan 374
1757092702153 nan 375
1757092702279 nan 376
1757092702404 nan 377
1757092702530 nan 378
1757092702657 nan 379
1757092702775 nan 380
1757092702900 nan 381
1757092703021 nan 382
1757092703145 nan 383
1757092703269 nan 384
1757092703386 nan 385
1757092703509 nan 386
1757092703626 nan 387
1757092703746 nan 388
1757092703875 nan 389
1757092703997 nan 390
1757092704141 nan 391
1757092704261 nan 392
1757092704386 nan 393
1757092704507 nan 394
1757092704634 nan 395
1757092704751 nan 396
1757092704867 nan 397
1757092704988 nan 398
1757092705104 nan 399
1757092705221 nan 400
1757092705342 nan 401
1757092705467 nan 402
1757092705596 nan 403
1757092705752 nan 404
1757092705863 nan 405
1757092705988 nan 406
1757092706109 nan 407
1757092706233 nan 408
1757092706357 nan 409
1757092706478 nan 410
1757092706607 nan 411
1757092706729 nan 412
1757092706853 nan 413
1757092706986 nan 414
1757092707109 nan 415
1757092707232 nan 416
1757092707350 nan 417
1757092707468 nan 418
1757092707604 nan 419
1757092707728 nan 420
1757092707848 nan 421
1757092707987 nan 422
1757092708118 nan 423
1757092708246 nan 424
1757092708392 nan 425
1757092708523 nan 426
1757092708652 nan 427
1757092708790 nan 428
1757092708915 nan 429
1757092709047 nan 430
1757092709173 nan 431
1757092709300 nan 432
1757092709428 nan 433
1757092709561 nan 434
1757092709690 nan 435
1757092709811 nan 436
1757092709936 nan 437
1757092710063 nan 438
1757092710203 nan 439
1757092710337 nan 440
1757092710478 nan 441
1757092710609 nan 442
1757092710734 nan 443
1757092710858 nan 444
1757092710989 nan 445
1757092711118 nan 446
1757092711248 nan 447
1757092711376 nan 448
1757092711502 nan 449
1757092711632 nan 450
1757092711765 nan 451
1757092711892 nan 452
1757092712020 nan 453
1757092712148 nan 454
1757092712273 nan 455
1757092712397 nan 456
1757092712526 nan 457
1757092712651 nan 458
1757092712777 nan 459
1757092712905 nan 460
1757092713030 nan 461
1757092713157 nan 462
1757092713328 nan 463
1757092713460 nan 464
1757092713588 nan 465
1757092713731 nan 466
1757092713865 nan 467
1757092713991 nan 468
1757092714121 nan 469
1757092714253 nan 470
1757092714390 nan 471
1757092714519 nan 472
1757092714656 nan 473
1757092714790 nan 474
1757092714925 nan 475
1757092715141 nan 476
1757092715317 nan 477
1757092715478 nan 478
1757092715631 nan 479
1757092715774 nan 480
1757092715908 nan 481
1757092716045 nan 482
1757092716178 nan 483
1757092716312 nan 484
1757092716444 nan 485
1757092716574 nan 486
1757092716709 nan 487
1757092716838 nan 488
1757092716962 nan 489
1757092717089 nan 490
1757092717224 nan 491
1757092717367 nan 492
1757092717494 nan 493
1757092717624 nan 494
1757092717755 nan 495
1757092717884 nan 496
1757092718017 nan 497
1757092718150 nan 498
1757092718281 nan 499
